#----------------------------------------------------------------------------------------------------------------------------------------------------------
# Output file for vampire simulation
#   time       : 2025-10-19 19:53:11     process id : 83782
#   hostname   : 53a6091906e1
#   path       : /content/drive/MyDrive/Colab Notebooks/vampire phase diagram
#   version    : 7.0.0
#   githash    : 525bc27ee44c525aee229570f30f3d4c61d54f66
#----------------------------------------------------------------------------------------------------------------------------------------------------------
2e-12      	8          	-8.09241e-05	-6.44965e-05	0.999997   	0.976105   	0          	0          	0          	0          	0          	0          	0          	0          	0.124631   	0.138969   	80.4123    	80.3964    	0          	0          	0          	0          	0          	0          	0          	0          	48316.9	-nan	-nan	-8.09241e-05	-6.44965e-05	0.999997   	0.976105   	0.124631   	0.138969   	80.4123    	80.3964    	48316.9	
3e-12      	7.8        	0.000174073	6.30777e-05	0.999998   	0.979583   	0          	0          	0          	0          	0          	0          	0          	0          	0.130413   	0.112801   	0.00226372 	0.00226248 	0          	0          	0          	0          	0          	0          	0          	0          	1.32749	-nan	-nan	0.000174073	6.30777e-05	0.999998   	0.979583   	0.130413   	0.112801   	0.00226372 	0.00226248 	1.32749	
4e-12      	7.6        	-1.06259e-05	-3.5132e-05	0.999998   	0.979085   	0          	0          	0          	0          	0          	0          	0          	0          	0.118034   	0.13643    	0.00247174 	0.00247145 	0          	0          	0          	0          	0          	0          	0          	0          	1.37835	-nan	-nan	-1.06259e-05	-3.5132e-05	0.999998   	0.979085   	0.118034   	0.13643    	0.00247174 	0.00247145 	1.37835	
5e-12      	7.4        	5.77471e-06	0.000112852	0.999998   	0.978534   	0          	0          	0          	0          	0          	0          	0          	0          	0.133819   	0.107024   	0.00271743 	0.00271667 	0          	0          	0          	0          	0          	0          	0          	0          	1.43877	-nan	-nan	5.77471e-06	0.000112852	0.999998   	0.978534   	0.133819   	0.107024   	0.00271743 	0.00271667 	1.43877	
6e-12      	7.2        	-0.000165876	0.000208992	0.999998   	0.977953   	0          	0          	0          	0          	0          	0          	0          	0          	0.116862   	0.135683   	0.00295126 	0.00294817 	0          	0          	0          	0          	0          	0          	0          	0          	1.48165	-nan	-nan	-0.000165876	0.000208992	0.999998   	0.977953   	0.116862   	0.135683   	0.00295126 	0.00294817 	1.48165	
7e-12      	7          	3.11731e-05	-1.50382e-06	0.999998   	0.977351   	0          	0          	0          	0          	0          	0          	0          	0          	0.11826    	0.125903   	0.00365687 	0.00365427 	0          	0          	0          	0          	0          	0          	0          	0          	1.73814	-nan	-nan	3.11731e-05	-1.50382e-06	0.999998   	0.977351   	0.11826    	0.125903   	0.00365687 	0.00365427 	1.73814	
8e-12      	6.8        	5.32165e-05	2.85733e-05	0.999997   	0.976728   	0          	0          	0          	0          	0          	0          	0          	0          	0.134755   	0.169337   	0.00350489 	0.00350294 	0          	0          	0          	0          	0          	0          	0          	0          	1.57496	-nan	-nan	5.32165e-05	2.85733e-05	0.999997   	0.976728   	0.134755   	0.169337   	0.00350489 	0.00350294 	1.57496	
9e-12      	6.6        	0.000251025	4.99898e-05	0.999997   	0.97607    	0          	0          	0          	0          	0          	0          	0          	0          	0.15855    	0.128483   	0.00360503 	0.00360211 	0          	0          	0          	0          	0          	0          	0          	0          	1.52867	-nan	-nan	0.000251025	4.99898e-05	0.999997   	0.97607    	0.15855    	0.128483   	0.00360503 	0.00360211 	1.52867	
1e-11      	6.4        	-0.000270255	0.000195679	0.999997   	0.975345   	0          	0          	0          	0          	0          	0          	0          	0          	0.132616   	0.14885    	0.00378325 	0.00378063 	0          	0          	0          	0          	0          	0          	0          	0          	1.51178	-nan	-nan	-0.000270255	0.000195679	0.999997   	0.975345   	0.132616   	0.14885    	0.00378325 	0.00378063 	1.51178	
1.1e-11    	6.2        	0.000328609	-9.48665e-05	0.999997   	0.974507   	0          	0          	0          	0          	0          	0          	0          	0          	0.152295   	0.15646    	0.00365163 	0.00365185 	0          	0          	0          	0          	0          	0          	0          	0          	1.37242	-nan	-nan	0.000328609	-9.48665e-05	0.999997   	0.974507   	0.152295   	0.15646    	0.00365163 	0.00365185 	1.37242	
1.2e-11    	6          	0.000163344	0.000389389	0.999997   	0.973742   	0          	0          	0          	0          	0          	0          	0          	0          	0.164299   	0.138821   	0.00402706 	0.00403303 	0          	0          	0          	0          	0          	0          	0          	0          	1.42034	-nan	-nan	0.000163344	0.000389389	0.999997   	0.973742   	0.164299   	0.138821   	0.00402706 	0.00403303 	1.42034	
1.3e-11    	5.8        	-0.000183298	2.60533e-05	0.999997   	0.972882   	0          	0          	0          	0          	0          	0          	0          	0          	0.167786   	0.162853   	0.004394   	0.00440113 	0          	0          	0          	0          	0          	0          	0          	0          	1.45205	-nan	-nan	-0.000183298	2.60533e-05	0.999997   	0.972882   	0.167786   	0.162853   	0.004394   	0.00440113 	1.45205	
1.4e-11    	5.6        	-0.000106641	0.000109306	0.999997   	0.971921   	0          	0          	0          	0          	0          	0          	0          	0          	0.196295   	0.161528   	0.00506955 	0.00505454 	0          	0          	0          	0          	0          	0          	0          	0          	1.56582	-nan	-nan	-0.000106641	0.000109306	0.999997   	0.971921   	0.196295   	0.161528   	0.00506955 	0.00505454 	1.56582	
1.5e-11    	5.4        	-0.00029609	-1.41055e-05	0.999997   	0.970934   	0          	0          	0          	0          	0          	0          	0          	0          	0.183875   	0.146173   	0.00484426 	0.0048363  	0          	0          	0          	0          	0          	0          	0          	0          	1.39495	-nan	-nan	-0.00029609	-1.41055e-05	0.999997   	0.970934   	0.183875   	0.146173   	0.00484426 	0.0048363  	1.39495	
1.6e-11    	5.2        	-2.4853e-05	-8.15881e-06	0.999997   	0.969865   	0          	0          	0          	0          	0          	0          	0          	0          	0.192749   	0.176124   	0.00565809 	0.00566423 	0          	0          	0          	0          	0          	0          	0          	0          	1.51472	-nan	-nan	-2.4853e-05	-8.15881e-06	0.999997   	0.969865   	0.192749   	0.176124   	0.00565809 	0.00566423 	1.51472	
1.7e-11    	5          	0.000106113	9.30563e-06	0.999997   	0.968642   	0          	0          	0          	0          	0          	0          	0          	0          	0.163941   	0.166954   	0.00612182 	0.0061278  	0          	0          	0          	0          	0          	0          	0          	0          	1.5205	-nan	-nan	0.000106113	9.30563e-06	0.999997   	0.968642   	0.163941   	0.166954   	0.00612182 	0.0061278  	1.5205	
1.8e-11    	4.8        	-0.000168928	-0.000116047	0.999996   	0.967413   	0          	0          	0          	0          	0          	0          	0          	0          	0.194395   	0.223089   	0.00740768 	0.00740765 	0          	0          	0          	0          	0          	0          	0          	0          	1.70146	-nan	-nan	-0.000168928	-0.000116047	0.999996   	0.967413   	0.194395   	0.223089   	0.00740768 	0.00740765 	1.70146	
1.9e-11    	4.6        	9.99247e-05	4.80333e-06	0.999996   	0.96607    	0          	0          	0          	0          	0          	0          	0          	0          	0.239365   	0.18431    	0.00693763 	0.00693973 	0          	0          	0          	0          	0          	0          	0          	0          	1.46842	-nan	-nan	9.99247e-05	4.80333e-06	0.999996   	0.96607    	0.239365   	0.18431    	0.00693763 	0.00693973 	1.46842	
2e-11      	4.4        	-4.56707e-05	-2.94116e-05	0.999996   	0.964611   	0          	0          	0          	0          	0          	0          	0          	0          	0.205151   	0.213261   	0.00927069 	0.00926937 	0          	0          	0          	0          	0          	0          	0          	0          	1.80233	-nan	-nan	-4.56707e-05	-2.94116e-05	0.999996   	0.964611   	0.205151   	0.213261   	0.00927069 	0.00926937 	1.80233	
2.1e-11    	4.2        	-3.01511e-06	-5.47881e-05	0.999996   	0.962961   	0          	0          	0          	0          	0          	0          	0          	0          	0.208996   	0.175905   	0.00879061 	0.00879592 	0          	0          	0          	0          	0          	0          	0          	0          	1.56466	-nan	-nan	-3.01511e-06	-5.47881e-05	0.999996   	0.962961   	0.208996   	0.175905   	0.00879061 	0.00879592 	1.56466	
2.2e-11    	4          	-0.000128878	7.18889e-05	0.999996   	0.961236   	0          	0          	0          	0          	0          	0          	0          	0          	0.243628   	0.198797   	0.011159   	0.0111635  	0          	0          	0          	0          	0          	0          	0          	0          	1.8088	-nan	-nan	-0.000128878	7.18889e-05	0.999996   	0.961236   	0.243628   	0.198797   	0.011159   	0.0111635  	1.8088	
2.3e-11    	3.8        	-6.70433e-05	-8.75741e-05	0.999996   	0.959292   	0          	0          	0          	0          	0          	0          	0          	0          	0.226421   	0.221844   	0.0104965  	0.0104917  	0          	0          	0          	0          	0          	0          	0          	0          	1.54271	-nan	-nan	-6.70433e-05	-8.75741e-05	0.999996   	0.959292   	0.226421   	0.221844   	0.0104965  	0.0104917  	1.54271	
2.4e-11    	3.6        	8.1739e-06 	-0.000456693	0.999995   	0.957167   	0          	0          	0          	0          	0          	0          	0          	0          	0.25217    	0.259119   	0.0124066  	0.0124192  	0          	0          	0          	0          	0          	0          	0          	0          	1.64643	-nan	-nan	8.1739e-06 	-0.000456693	0.999995   	0.957167   	0.25217    	0.259119   	0.0124066  	0.0124192  	1.64643	
2.5e-11    	3.4        	-0.000118203	-1.44183e-05	0.999995   	0.954757   	0          	0          	0          	0          	0          	0          	0          	0          	0.306534   	0.242471   	0.0128435  	0.012872   	0          	0          	0          	0          	0          	0          	0          	0          	1.53041	-nan	-nan	-0.000118203	-1.44183e-05	0.999995   	0.954757   	0.306534   	0.242471   	0.0128435  	0.012872   	1.53041	
2.6e-11    	3.2        	-0.000169664	-0.00012914	0.999994   	0.952109   	0          	0          	0          	0          	0          	0          	0          	0          	0.302239   	0.307154   	0.0133865  	0.0133665  	0          	0          	0          	0          	0          	0          	0          	0          	1.42273	-nan	-nan	-0.000169664	-0.00012914	0.999994   	0.952109   	0.302239   	0.307154   	0.0133865  	0.0133665  	1.42273	
2.7e-11    	3          	0.000215986	-0.000184135	0.999995   	0.949226   	0          	0          	0          	0          	0          	0          	0          	0          	0.289629   	0.264862   	0.013683   	0.0136696  	0          	0          	0          	0          	0          	0          	0          	0          	1.28794	-nan	-nan	0.000215986	-0.000184135	0.999995   	0.949226   	0.289629   	0.264862   	0.013683   	0.0136696  	1.28794	
2.8e-11    	2.8        	0.000244609	-0.000146908	0.999994   	0.945773   	0          	0          	0          	0          	0          	0          	0          	0          	0.294129   	0.303532   	0.0188939  	0.0188659  	0          	0          	0          	0          	0          	0          	0          	0          	1.56192	-nan	-nan	0.000244609	-0.000146908	0.999994   	0.945773   	0.294129   	0.303532   	0.0188939  	0.0188659  	1.56192	
2.9e-11    	2.6        	-5.02309e-05	-8.9937e-05	0.999993   	0.941769   	0          	0          	0          	0          	0          	0          	0          	0          	0.363211   	0.359081   	0.020896   	0.020868   	0          	0          	0          	0          	0          	0          	0          	0          	1.50296	-nan	-nan	-5.02309e-05	-8.9937e-05	0.999993   	0.941769   	0.363211   	0.359081   	0.020896   	0.020868   	1.50296	
3e-11      	2.4        	0.000171823	-0.000128117	0.999993   	0.937204   	0          	0          	0          	0          	0          	0          	0          	0          	0.33815    	0.379162   	0.0245874  	0.0245571  	0          	0          	0          	0          	0          	0          	0          	0          	1.52244	-nan	-nan	0.000171823	-0.000128117	0.999993   	0.937204   	0.33815    	0.379162   	0.0245874  	0.0245571  	1.52244	
3.1e-11    	2.2        	-0.00101177	-0.000269534	0.999992   	0.932073   	0          	0          	0          	0          	0          	0          	0          	0          	0.399806   	0.384641   	0.0305404  	0.0305233  	0          	0          	0          	0          	0          	0          	0          	0          	1.60801	-nan	-nan	-0.00101177	-0.000269534	0.999992   	0.932073   	0.399806   	0.384641   	0.0305404  	0.0305233  	1.60801	
3.2e-11    	2          	0.00073725 	-7.07308e-07	0.999991   	0.92571    	0          	0          	0          	0          	0          	0          	0          	0          	0.397578   	0.453711   	0.0346742  	0.0346332  	0          	0          	0          	0          	0          	0          	0          	0          	1.53274	-nan	-nan	0.00073725 	-7.07308e-07	0.999991   	0.92571    	0.397578   	0.453711   	0.0346742  	0.0346332  	1.53274	
3.3e-11    	1.8        	0.000152493	-0.000147147	0.999992   	0.918364   	0          	0          	0          	0          	0          	0          	0          	0          	0.439257   	0.364445   	0.0509323  	0.0508628  	0          	0          	0          	0          	0          	0          	0          	0          	1.85423	-nan	-nan	0.000152493	-0.000147147	0.999992   	0.918364   	0.439257   	0.364445   	0.0509323  	0.0508628  	1.85423	
3.4e-11    	1.6        	0.000549112	-0.000266038	0.999991   	0.909074   	0          	0          	0          	0          	0          	0          	0          	0          	0.430308   	0.447987   	0.0516468  	0.0516062  	0          	0          	0          	0          	0          	0          	0          	0          	1.51581	-nan	-nan	0.000549112	-0.000266038	0.999991   	0.909074   	0.430308   	0.447987   	0.0516468  	0.0516062  	1.51581	
3.5e-11    	1.4        	6.3439e-05 	0.000159099	0.999989   	0.897089   	0          	0          	0          	0          	0          	0          	0          	0          	0.52302    	0.548759   	0.104488   	0.104649   	0          	0          	0          	0          	0          	0          	0          	0          	2.40197	-nan	-nan	6.3439e-05 	0.000159099	0.999989   	0.897089   	0.52302    	0.548759   	0.104488   	0.104649   	2.40197	
3.6e-11    	1.2        	9.05771e-05	-0.000331755	0.999986   	0.881674   	0          	0          	0          	0          	0          	0          	0          	0          	0.5788     	0.679939   	0.130531   	0.130591   	0          	0          	0          	0          	0          	0          	0          	0          	2.26931	-nan	-nan	9.05771e-05	-0.000331755	0.999986   	0.881674   	0.5788     	0.679939   	0.130531   	0.130591   	2.26931	
3.7e-11    	1          	-0.000218492	0.000379983	0.999984   	0.860247   	0          	0          	0          	0          	0          	0          	0          	0          	0.724248   	0.697534   	0.159008   	0.158944   	0          	0          	0          	0          	0          	0          	0          	0          	1.99319	-nan	-nan	-0.000218492	0.000379983	0.999984   	0.860247   	0.724248   	0.697534   	0.159008   	0.158944   	1.99319	
3.8e-11    	0.8        	0.000282362	-1.0554e-06	0.999981   	0.828644   	0          	0          	0          	0          	0          	0          	0          	0          	0.729309   	0.814198   	0.339195   	0.338711   	0          	0          	0          	0          	0          	0          	0          	0          	2.75676	-nan	-nan	0.000282362	-1.0554e-06	0.999981   	0.828644   	0.729309   	0.814198   	0.339195   	0.338711   	2.75676	
3.9e-11    	0.6        	-0.00053364	-0.000330922	0.999972   	0.775943   	0          	0          	0          	0          	0          	0          	0          	0          	1.00225    	0.98608    	0.664884   	0.664718   	0          	0          	0          	0          	0          	0          	0          	0          	3.17727	-nan	-nan	-0.00053364	-0.000330922	0.999972   	0.775943   	1.00225    	0.98608    	0.664884   	0.664718   	3.17727	
4e-11      	0.4        	1.63943e-05	0.000118228	0.999952   	0.670913   	0          	0          	0          	0          	0          	0          	0          	0          	1.29897    	1.23086    	1.98468    	1.98329    	0          	0          	0          	0          	0          	0          	0          	0          	4.36898	-nan	-nan	1.63943e-05	0.000118228	0.999952   	0.670913   	1.29897    	1.23086    	1.98468    	1.98329    	4.36898	
4.1e-11    	0.2        	8.45989e-05	0.00188971 	0.999858   	0.435314   	0          	0          	0          	0          	0          	0          	0          	0          	1.49323    	1.62349    	5.6933     	5.69123    	0          	0          	0          	0          	0          	0          	0          	0          	3.29237	-nan	-nan	8.45989e-05	0.00188971 	0.999858   	0.435314   	1.49323    	1.62349    	5.6933     	5.69123    	3.29237	
4.2e-11    	-0         	-0.0369464 	-0.0209764 	0.00983402 	0.00962461 	0          	0          	0          	0          	0          	0          	0          	0          	1.80248    	1.88375    	5.45694    	3.7396     	0          	0          	0          	0          	0          	0          	0          	0          	0.0814992	-nan	-nan	-0.0369464 	-0.0209764 	0.00983402 	0.00962461 	1.80248    	1.88375    	5.45694    	3.7396     	0.0814992	
