#----------------------------------------------------------------------------------------------------------------------------------------------------------
# Output file for vampire simulation
#   time       : 2025-10-19 19:49:40     process id : 82920
#   hostname   : 53a6091906e1
#   path       : /content/drive/MyDrive/Colab Notebooks/vampire phase diagram
#   version    : 7.0.0
#   githash    : 525bc27ee44c525aee229570f30f3d4c61d54f66
#----------------------------------------------------------------------------------------------------------------------------------------------------------
2e-12      	8          	-8.26221e-05	-0.000268341	0.999998   	0.97969    	0          	0          	0          	0          	0          	0          	0          	0          	0.113533   	0.115611   	99.802     	99.7936    	0          	0          	0          	0          	0          	0          	0          	0          	73272.5	-nan	-nan	-8.26221e-05	-0.000268341	0.999998   	0.97969    	0.113533   	0.115611   	99.802     	99.7936    	73272.5	
3e-12      	7.8        	-3.61955e-05	3.06035e-05	0.999998   	0.983331   	0          	0          	0          	0          	0          	0          	0          	0          	0.114256   	0.123977   	0.00189181 	0.00189195 	0          	0          	0          	0          	0          	0          	0          	0          	1.35669	-nan	-nan	-3.61955e-05	3.06035e-05	0.999998   	0.983331   	0.114256   	0.123977   	0.00189181 	0.00189195 	1.35669	
4e-12      	7.6        	6.86637e-05	-0.000125593	0.999998   	0.982891   	0          	0          	0          	0          	0          	0          	0          	0          	0.133816   	0.133622   	0.00191211 	0.00191186 	0          	0          	0          	0          	0          	0          	0          	0          	1.30374	-nan	-nan	6.86637e-05	-0.000125593	0.999998   	0.982891   	0.133816   	0.133622   	0.00191211 	0.00191186 	1.30374	
5e-12      	7.4        	4.43451e-05	-1.36202e-05	0.999998   	0.982446   	0          	0          	0          	0          	0          	0          	0          	0          	0.13202    	0.131672   	0.00184289 	0.00184133 	0          	0          	0          	0          	0          	0          	0          	0          	1.19314	-nan	-nan	4.43451e-05	-1.36202e-05	0.999998   	0.982446   	0.13202    	0.131672   	0.00184289 	0.00184133 	1.19314	
6e-12      	7.2        	4.5903e-05 	-7.18849e-05	0.999998   	0.981971   	0          	0          	0          	0          	0          	0          	0          	0          	0.11639    	0.122328   	0.00258827 	0.00259176 	0          	0          	0          	0          	0          	0          	0          	0          	1.58901	-nan	-nan	4.5903e-05 	-7.18849e-05	0.999998   	0.981971   	0.11639    	0.122328   	0.00258827 	0.00259176 	1.58901	
7e-12      	7          	0.000110333	1.86412e-05	0.999998   	0.981482   	0          	0          	0          	0          	0          	0          	0          	0          	0.13084    	0.14071    	0.00268502 	0.0026904  	0          	0          	0          	0          	0          	0          	0          	0          	1.56053	-nan	-nan	0.000110333	1.86412e-05	0.999998   	0.981482   	0.13084    	0.14071    	0.00268502 	0.0026904  	1.56053	
8e-12      	6.8        	0.000269994	-6.71507e-05	0.999998   	0.98099    	0          	0          	0          	0          	0          	0          	0          	0          	0.134429   	0.142655   	0.00251001 	0.00251172 	0          	0          	0          	0          	0          	0          	0          	0          	1.37902	-nan	-nan	0.000269994	-6.71507e-05	0.999998   	0.98099    	0.134429   	0.142655   	0.00251001 	0.00251172 	1.37902	
9e-12      	6.6        	0.000259725	0.000310836	0.999998   	0.980393   	0          	0          	0          	0          	0          	0          	0          	0          	0.137465   	0.153459   	0.0025495  	0.002545   	0          	0          	0          	0          	0          	0          	0          	0          	1.32229	-nan	-nan	0.000259725	0.000310836	0.999998   	0.980393   	0.137465   	0.153459   	0.0025495  	0.002545   	1.32229	
1e-11      	6.4        	-4.34499e-05	0.000201618	0.999998   	0.979785   	0          	0          	0          	0          	0          	0          	0          	0          	0.13193    	0.158937   	0.00354481 	0.00354396 	0          	0          	0          	0          	0          	0          	0          	0          	1.73254	-nan	-nan	-4.34499e-05	0.000201618	0.999998   	0.979785   	0.13193    	0.158937   	0.00354481 	0.00354396 	1.73254	
1.1e-11    	6.2        	-2.83212e-05	9.27908e-05	0.999998   	0.979193   	0          	0          	0          	0          	0          	0          	0          	0          	0.127472   	0.154472   	0.00351858 	0.00352306 	0          	0          	0          	0          	0          	0          	0          	0          	1.6173	-nan	-nan	-2.83212e-05	9.27908e-05	0.999998   	0.979193   	0.127472   	0.154472   	0.00351858 	0.00352306 	1.6173	
1.2e-11    	6          	0.000102785	2.82231e-05	0.999998   	0.978491   	0          	0          	0          	0          	0          	0          	0          	0          	0.14378    	0.167869   	0.00344062 	0.00344507 	0          	0          	0          	0          	0          	0          	0          	0          	1.48477	-nan	-nan	0.000102785	2.82231e-05	0.999998   	0.978491   	0.14378    	0.167869   	0.00344062 	0.00344507 	1.48477	
1.3e-11    	5.8        	6.31599e-05	0.00019501 	0.999997   	0.977819   	0          	0          	0          	0          	0          	0          	0          	0          	0.184154   	0.157627   	0.00332948 	0.00332452 	0          	0          	0          	0          	0          	0          	0          	0          	1.34584	-nan	-nan	6.31599e-05	0.00019501 	0.999997   	0.977819   	0.184154   	0.157627   	0.00332948 	0.00332452 	1.34584	
1.4e-11    	5.6        	0.000125896	0.000212977	0.999997   	0.977052   	0          	0          	0          	0          	0          	0          	0          	0          	0.189435   	0.156955   	0.00364758 	0.00364605 	0          	0          	0          	0          	0          	0          	0          	0          	1.37796	-nan	-nan	0.000125896	0.000212977	0.999997   	0.977052   	0.189435   	0.156955   	0.00364758 	0.00364605 	1.37796	
1.5e-11    	5.4        	-0.000113929	-1.91575e-05	0.999997   	0.976202   	0          	0          	0          	0          	0          	0          	0          	0          	0.18084    	0.173155   	0.00440141 	0.0043995  	0          	0          	0          	0          	0          	0          	0          	0          	1.55023	-nan	-nan	-0.000113929	-1.91575e-05	0.999997   	0.976202   	0.18084    	0.173155   	0.00440141 	0.0043995  	1.55023	
1.6e-11    	5.2        	0.000178652	-0.000156701	0.999997   	0.975325   	0          	0          	0          	0          	0          	0          	0          	0          	0.188724   	0.171414   	0.00423187 	0.00423656 	0          	0          	0          	0          	0          	0          	0          	0          	1.38622	-nan	-nan	0.000178652	-0.000156701	0.999997   	0.975325   	0.188724   	0.171414   	0.00423187 	0.00423656 	1.38622	
1.7e-11    	5          	3.26783e-05	-0.000353004	0.999997   	0.974376   	0          	0          	0          	0          	0          	0          	0          	0          	0.224738   	0.164807   	0.00477641 	0.00477277 	0          	0          	0          	0          	0          	0          	0          	0          	1.45125	-nan	-nan	3.26783e-05	-0.000353004	0.999997   	0.974376   	0.224738   	0.164807   	0.00477641 	0.00477277 	1.45125	
1.8e-11    	4.8        	4.97966e-05	-0.00036998	0.999997   	0.973364   	0          	0          	0          	0          	0          	0          	0          	0          	0.184662   	0.197702   	0.00530377 	0.00529753 	0          	0          	0          	0          	0          	0          	0          	0          	1.49043	-nan	-nan	4.97966e-05	-0.00036998	0.999997   	0.973364   	0.184662   	0.197702   	0.00530377 	0.00529753 	1.49043	
1.9e-11    	4.6        	0.000114402	0.000297618	0.999997   	0.972228   	0          	0          	0          	0          	0          	0          	0          	0          	0.179534   	0.179894   	0.00693396 	0.00693424 	0          	0          	0          	0          	0          	0          	0          	0          	1.79623	-nan	-nan	0.000114402	0.000297618	0.999997   	0.972228   	0.179534   	0.179894   	0.00693396 	0.00693424 	1.79623	
2e-11      	4.4        	-1.56093e-05	-0.000131994	0.999997   	0.97108    	0          	0          	0          	0          	0          	0          	0          	0          	0.202446   	0.228715   	0.00731773 	0.00730105 	0          	0          	0          	0          	0          	0          	0          	0          	1.74096	-nan	-nan	-1.56093e-05	-0.000131994	0.999997   	0.97108    	0.202446   	0.228715   	0.00731773 	0.00730105 	1.74096	
2.1e-11    	4.2        	0.000236047	0.00014406 	0.999996   	0.969728   	0          	0          	0          	0          	0          	0          	0          	0          	0.260091   	0.215933   	0.0071727  	0.00718851 	0          	0          	0          	0          	0          	0          	0          	0          	1.56211	-nan	-nan	0.000236047	0.00014406 	0.999996   	0.969728   	0.260091   	0.215933   	0.0071727  	0.00718851 	1.56211	
2.2e-11    	4          	-0.000113975	5.28609e-05	0.999997   	0.968317   	0          	0          	0          	0          	0          	0          	0          	0          	0.235925   	0.203439   	0.00646377 	0.0064602  	0          	0          	0          	0          	0          	0          	0          	0          	1.28317	-nan	-nan	-0.000113975	5.28609e-05	0.999997   	0.968317   	0.235925   	0.203439   	0.00646377 	0.0064602  	1.28317	
2.3e-11    	3.8        	-1.28016e-05	-3.55842e-05	0.999997   	0.966731   	0          	0          	0          	0          	0          	0          	0          	0          	0.223345   	0.202583   	0.00890431 	0.00890544 	0          	0          	0          	0          	0          	0          	0          	0          	1.60375	-nan	-nan	-1.28016e-05	-3.55842e-05	0.999997   	0.966731   	0.223345   	0.202583   	0.00890431 	0.00890544 	1.60375	
2.4e-11    	3.6        	-0.000349802	-0.000136251	0.999996   	0.965006   	0          	0          	0          	0          	0          	0          	0          	0          	0.246703   	0.227263   	0.00880681 	0.00881013 	0          	0          	0          	0          	0          	0          	0          	0          	1.43145	-nan	-nan	-0.000349802	-0.000136251	0.999996   	0.965006   	0.246703   	0.227263   	0.00880681 	0.00881013 	1.43145	
2.5e-11    	3.4        	-0.000296224	-8.58613e-05	0.999996   	0.963098   	0          	0          	0          	0          	0          	0          	0          	0          	0.266769   	0.218776   	0.00971057 	0.00968687 	0          	0          	0          	0          	0          	0          	0          	0          	1.41668	-nan	-nan	-0.000296224	-8.58613e-05	0.999996   	0.963098   	0.266769   	0.218776   	0.00971057 	0.00968687 	1.41668	
2.6e-11    	3.2        	-1.48956e-05	0.000110772	0.999996   	0.960854   	0          	0          	0          	0          	0          	0          	0          	0          	0.297608   	0.232876   	0.0114559  	0.0114645  	0          	0          	0          	0          	0          	0          	0          	0          	1.49077	-nan	-nan	-1.48956e-05	0.000110772	0.999996   	0.960854   	0.297608   	0.232876   	0.0114559  	0.0114645  	1.49077	
2.7e-11    	3          	-0.000186751	3.99304e-05	0.999995   	0.95839    	0          	0          	0          	0          	0          	0          	0          	0          	0.282873   	0.316566   	0.0153758  	0.0153241  	0          	0          	0          	0          	0          	0          	0          	0          	1.77372	-nan	-nan	-0.000186751	3.99304e-05	0.999995   	0.95839    	0.282873   	0.316566   	0.0153758  	0.0153241  	1.77372	
2.8e-11    	2.8        	0.000139624	5.4405e-05 	0.999995   	0.955676   	0          	0          	0          	0          	0          	0          	0          	0          	0.290228   	0.315073   	0.0149512  	0.0149606  	0          	0          	0          	0          	0          	0          	0          	0          	1.5142	-nan	-nan	0.000139624	5.4405e-05 	0.999995   	0.955676   	0.290228   	0.315073   	0.0149512  	0.0149606  	1.5142	
2.9e-11    	2.6        	9.14455e-05	-5.50454e-05	0.999994   	0.952501   	0          	0          	0          	0          	0          	0          	0          	0          	0.414315   	0.317022   	0.0191489  	0.019103   	0          	0          	0          	0          	0          	0          	0          	0          	1.68997	-nan	-nan	9.14455e-05	-5.50454e-05	0.999994   	0.952501   	0.414315   	0.317022   	0.0191489  	0.019103   	1.68997	
3e-11      	2.4        	0.000134041	-1.72796e-05	0.999994   	0.948843   	0          	0          	0          	0          	0          	0          	0          	0          	0.330953   	0.381276   	0.0187821  	0.0187481  	0          	0          	0          	0          	0          	0          	0          	0          	1.4298	-nan	-nan	0.000134041	-1.72796e-05	0.999994   	0.948843   	0.330953   	0.381276   	0.0187821  	0.0187481  	1.4298	
3.1e-11    	2.2        	-0.000320704	0.000155396	0.999994   	0.944497   	0          	0          	0          	0          	0          	0          	0          	0          	0.365263   	0.387783   	0.0232622  	0.0232303  	0          	0          	0          	0          	0          	0          	0          	0          	1.50751	-nan	-nan	-0.000320704	0.000155396	0.999994   	0.944497   	0.365263   	0.387783   	0.0232622  	0.0232303  	1.50751	
3.2e-11    	2          	-5.62307e-05	0.00029742 	0.999994   	0.939414   	0          	0          	0          	0          	0          	0          	0          	0          	0.370359   	0.422736   	0.0317124  	0.0317298  	0          	0          	0          	0          	0          	0          	0          	0          	1.72526	-nan	-nan	-5.62307e-05	0.00029742 	0.999994   	0.939414   	0.370359   	0.422736   	0.0317124  	0.0317298  	1.72526	
3.3e-11    	1.8        	0.000181742	-0.000234686	0.999992   	0.933244   	0          	0          	0          	0          	0          	0          	0          	0          	0.403906   	0.547554   	0.0441843  	0.0441478  	0          	0          	0          	0          	0          	0          	0          	0          	1.97752	-nan	-nan	0.000181742	-0.000234686	0.999992   	0.933244   	0.403906   	0.547554   	0.0441843  	0.0441478  	1.97752	
3.4e-11    	1.6        	0.000306732	-1.88758e-05	0.999991   	0.925803   	0          	0          	0          	0          	0          	0          	0          	0          	0.481783   	0.559826   	0.0528754  	0.0529142  	0          	0          	0          	0          	0          	0          	0          	0          	1.9144	-nan	-nan	0.000306732	-1.88758e-05	0.999991   	0.925803   	0.481783   	0.559826   	0.0528754  	0.0529142  	1.9144	
3.5e-11    	1.4        	-0.000481951	-0.000256262	0.99999    	0.916241   	0          	0          	0          	0          	0          	0          	0          	0          	0.557249   	0.630317   	0.0577035  	0.0576398  	0          	0          	0          	0          	0          	0          	0          	0          	1.64161	-nan	-nan	-0.000481951	-0.000256262	0.99999    	0.916241   	0.557249   	0.630317   	0.0577035  	0.0576398  	1.64161	
3.6e-11    	1.2        	-8.05926e-05	-0.000274666	0.99999    	0.90383    	0          	0          	0          	0          	0          	0          	0          	0          	0.519902   	0.650368   	0.0960968  	0.096234   	0          	0          	0          	0          	0          	0          	0          	0          	2.07549	-nan	-nan	-8.05926e-05	-0.000274666	0.99999    	0.90383    	0.519902   	0.650368   	0.0960968  	0.096234   	2.07549	
3.7e-11    	1          	-0.00029888	-8.98355e-05	0.999987   	0.886974   	0          	0          	0          	0          	0          	0          	0          	0          	0.706245   	0.699877   	0.124028   	0.124095   	0          	0          	0          	0          	0          	0          	0          	0          	1.93081	-nan	-nan	-0.00029888	-8.98355e-05	0.999987   	0.886974   	0.706245   	0.699877   	0.124028   	0.124095   	1.93081	
3.8e-11    	0.8        	0.000139883	6.18802e-05	0.999985   	0.862363   	0          	0          	0          	0          	0          	0          	0          	0          	0.887492   	0.760435   	0.202919   	0.202946   	0          	0          	0          	0          	0          	0          	0          	0          	2.13182	-nan	-nan	0.000139883	6.18802e-05	0.999985   	0.862363   	0.887492   	0.760435   	0.202919   	0.202946   	2.13182	
3.9e-11    	0.6        	0.000218838	-0.000193591	0.999981   	0.821247   	0          	0          	0          	0          	0          	0          	0          	0          	0.975719   	0.87487    	0.525542   	0.525357   	0          	0          	0          	0          	0          	0          	0          	0          	3.2775	-nan	-nan	0.000218838	-0.000193591	0.999981   	0.821247   	0.975719   	0.87487    	0.525542   	0.525357   	3.2775	
4e-11      	0.4        	-0.000326624	-5.69524e-05	0.999965   	0.738785   	0          	0          	0          	0          	0          	0          	0          	0          	1.23558    	1.47813    	1.54861    	1.5485     	0          	0          	0          	0          	0          	0          	0          	0          	4.37296	-nan	-nan	-0.000326624	-5.69524e-05	0.999965   	0.738785   	1.23558    	1.47813    	1.54861    	1.5485     	4.37296	
4.1e-11    	0.2        	0.00017828 	7.71072e-05	0.999904   	0.5203     	0          	0          	0          	0          	0          	0          	0          	0          	1.90969    	1.8066     	7.89638    	7.89151    	0          	0          	0          	0          	0          	0          	0          	0          	6.06762	-nan	-nan	0.00017828 	7.71072e-05	0.999904   	0.5203     	1.90969    	1.8066     	7.89638    	7.89151    	6.06762	
4.2e-11    	-0         	-0.0283819 	-0.0118518 	0.0105164  	0.00977896 	0          	0          	0          	0          	0          	0          	0          	0          	2.16399    	2.20453    	9.70968    	7.25243    	0          	0          	0          	0          	0          	0          	0          	0          	0.137148	-nan	-nan	-0.0283819 	-0.0118518 	0.0105164  	0.00977896 	2.16399    	2.20453    	9.70968    	7.25243    	0.137148	
