#----------------------------------------------------------------------------------------------------------------------------------------------------------
# Output file for vampire simulation
#   time       : 2025-10-19 20:05:40     process id : 86832
#   hostname   : 53a6091906e1
#   path       : /content/drive/MyDrive/Colab Notebooks/vampire phase diagram
#   version    : 7.0.0
#   githash    : 525bc27ee44c525aee229570f30f3d4c61d54f66
#----------------------------------------------------------------------------------------------------------------------------------------------------------
2e-12      	8          	0.000130101	-6.70671e-06	0.999996   	0.963564   	0          	0          	0          	0          	0          	0          	0          	0          	0.109524   	0.121211   	48.4472    	48.4339    	0          	0          	0          	0          	0          	0          	0          	0          	17775.5	-nan	-nan	0.000130101	-6.70671e-06	0.999996   	0.963564   	0.109524   	0.121211   	48.4472    	48.4339    	17775.5	
3e-12      	7.8        	0.000287452	-6.63389e-06	0.999997   	0.966597   	0          	0          	0          	0          	0          	0          	0          	0          	0.124652   	0.105807   	0.00487491 	0.00486568 	0          	0          	0          	0          	0          	0          	0          	0          	1.74448	-nan	-nan	0.000287452	-6.63389e-06	0.999997   	0.966597   	0.124652   	0.105807   	0.00487491 	0.00486568 	1.74448	
4e-12      	7.6        	6.67112e-05	-5.19438e-05	0.999996   	0.965781   	0          	0          	0          	0          	0          	0          	0          	0          	0.121762   	0.115613   	0.00409591 	0.00408568 	0          	0          	0          	0          	0          	0          	0          	0          	1.39365	-nan	-nan	6.67112e-05	-5.19438e-05	0.999996   	0.965781   	0.121762   	0.115613   	0.00409591 	0.00408568 	1.39365	
5e-12      	7.4        	-0.000184794	-0.000100043	0.999996   	0.964821   	0          	0          	0          	0          	0          	0          	0          	0          	0.133027   	0.129136   	0.00500123 	0.00500233 	0          	0          	0          	0          	0          	0          	0          	0          	1.61535	-nan	-nan	-0.000184794	-0.000100043	0.999996   	0.964821   	0.133027   	0.129136   	0.00500123 	0.00500233 	1.61535	
6e-12      	7.2        	0.000177188	-0.000121132	0.999996   	0.963855   	0          	0          	0          	0          	0          	0          	0          	0          	0.121022   	0.140374   	0.00545494 	0.00545872 	0          	0          	0          	0          	0          	0          	0          	0          	1.67018	-nan	-nan	0.000177188	-0.000121132	0.999996   	0.963855   	0.121022   	0.140374   	0.00545494 	0.00545872 	1.67018	
7e-12      	7          	0.000520789	-0.00015006	0.999996   	0.962914   	0          	0          	0          	0          	0          	0          	0          	0          	0.117837   	0.130845   	0.00505051 	0.00504394 	0          	0          	0          	0          	0          	0          	0          	0          	1.46423	-nan	-nan	0.000520789	-0.00015006	0.999996   	0.962914   	0.117837   	0.130845   	0.00505051 	0.00504394 	1.46423	
8e-12      	6.8        	0.000345361	0.000237651	0.999996   	0.961838   	0          	0          	0          	0          	0          	0          	0          	0          	0.122906   	0.155387   	0.00593963 	0.00594156 	0          	0          	0          	0          	0          	0          	0          	0          	1.6277	-nan	-nan	0.000345361	0.000237651	0.999996   	0.961838   	0.122906   	0.155387   	0.00593963 	0.00594156 	1.6277	
9e-12      	6.6        	0.000283218	0.000304822	0.999996   	0.960697   	0          	0          	0          	0          	0          	0          	0          	0          	0.129589   	0.131962   	0.00549372 	0.00549831 	0          	0          	0          	0          	0          	0          	0          	0          	1.42087	-nan	-nan	0.000283218	0.000304822	0.999996   	0.960697   	0.129589   	0.131962   	0.00549372 	0.00549831 	1.42087	
1e-11      	6.4        	-7.04406e-05	9.86848e-05	0.999995   	0.959609   	0          	0          	0          	0          	0          	0          	0          	0          	0.13567    	0.164462   	0.00644327 	0.00644926 	0          	0          	0          	0          	0          	0          	0          	0          	1.56979	-nan	-nan	-7.04406e-05	9.86848e-05	0.999995   	0.959609   	0.13567    	0.164462   	0.00644327 	0.00644926 	1.56979	
1.1e-11    	6.2        	-0.000160298	3.83453e-05	0.999996   	0.958267   	0          	0          	0          	0          	0          	0          	0          	0          	0.144575   	0.145327   	0.00693548 	0.00694218 	0          	0          	0          	0          	0          	0          	0          	0          	1.58896	-nan	-nan	-0.000160298	3.83453e-05	0.999996   	0.958267   	0.144575   	0.145327   	0.00693548 	0.00694218 	1.58896	
1.2e-11    	6          	5.84237e-05	0.000183178	0.999995   	0.956958   	0          	0          	0          	0          	0          	0          	0          	0          	0.162058   	0.141936   	0.00715789 	0.00716669 	0          	0          	0          	0          	0          	0          	0          	0          	1.53949	-nan	-nan	5.84237e-05	0.000183178	0.999995   	0.956958   	0.162058   	0.141936   	0.00715789 	0.00716669 	1.53949	
1.3e-11    	5.8        	-0.000100447	8.38573e-05	0.999995   	0.955555   	0          	0          	0          	0          	0          	0          	0          	0          	0.145192   	0.166377   	0.00687647 	0.00687306 	0          	0          	0          	0          	0          	0          	0          	0          	1.38499	-nan	-nan	-0.000100447	8.38573e-05	0.999995   	0.955555   	0.145192   	0.166377   	0.00687647 	0.00687306 	1.38499	
1.4e-11    	5.6        	8.58583e-05	-0.00027927	0.999995   	0.953987   	0          	0          	0          	0          	0          	0          	0          	0          	0.165737   	0.168058   	0.00846074 	0.00845621 	0          	0          	0          	0          	0          	0          	0          	0          	1.5918	-nan	-nan	8.58583e-05	-0.00027927	0.999995   	0.953987   	0.165737   	0.168058   	0.00846074 	0.00845621 	1.5918	
1.5e-11    	5.4        	0.000129951	-0.000392155	0.999995   	0.952377   	0          	0          	0          	0          	0          	0          	0          	0          	0.182688   	0.169001   	0.0089908  	0.00897175 	0          	0          	0          	0          	0          	0          	0          	0          	1.5772	-nan	-nan	0.000129951	-0.000392155	0.999995   	0.952377   	0.182688   	0.169001   	0.0089908  	0.00897175 	1.5772	
1.6e-11    	5.2        	0.000229086	7.27818e-05	0.999995   	0.950596   	0          	0          	0          	0          	0          	0          	0          	0          	0.172427   	0.177525   	0.0089393  	0.00893323 	0          	0          	0          	0          	0          	0          	0          	0          	1.4582	-nan	-nan	0.000229086	7.27818e-05	0.999995   	0.950596   	0.172427   	0.177525   	0.0089393  	0.00893323 	1.4582	
1.7e-11    	5          	6.36137e-05	3.59142e-05	0.999994   	0.948658   	0          	0          	0          	0          	0          	0          	0          	0          	0.194021   	0.190645   	0.0107666  	0.0107716  	0          	0          	0          	0          	0          	0          	0          	0          	1.62756	-nan	-nan	6.36137e-05	3.59142e-05	0.999994   	0.948658   	0.194021   	0.190645   	0.0107666  	0.0107716  	1.62756	
1.8e-11    	4.8        	8.59629e-05	-0.000286607	0.999994   	0.946654   	0          	0          	0          	0          	0          	0          	0          	0          	0.185923   	0.185101   	0.0100873  	0.0100813  	0          	0          	0          	0          	0          	0          	0          	0          	1.41002	-nan	-nan	8.59629e-05	-0.000286607	0.999994   	0.946654   	0.185923   	0.185101   	0.0100873  	0.0100813  	1.41002	
1.9e-11    	4.6        	0.000215612	-0.000273194	0.999995   	0.944288   	0          	0          	0          	0          	0          	0          	0          	0          	0.16032    	0.168821   	0.0117355  	0.0117215  	0          	0          	0          	0          	0          	0          	0          	0          	1.51063	-nan	-nan	0.000215612	-0.000273194	0.999995   	0.944288   	0.16032    	0.168821   	0.0117355  	0.0117215  	1.51063	
2e-11      	4.4        	0.000213566	0.000164929	0.999994   	0.941934   	0          	0          	0          	0          	0          	0          	0          	0          	0.173809   	0.202261   	0.0121755  	0.0121698  	0          	0          	0          	0          	0          	0          	0          	0          	1.43913	-nan	-nan	0.000213566	0.000164929	0.999994   	0.941934   	0.173809   	0.202261   	0.0121755  	0.0121698  	1.43913	
2.1e-11    	4.2        	0.000512672	-0.000229935	0.999993   	0.939409   	0          	0          	0          	0          	0          	0          	0          	0          	0.203849   	0.243857   	0.0134064  	0.0133827  	0          	0          	0          	0          	0          	0          	0          	0          	1.45085	-nan	-nan	0.000512672	-0.000229935	0.999993   	0.939409   	0.203849   	0.243857   	0.0134064  	0.0133827  	1.45085	
2.2e-11    	4          	-5.94704e-05	0.000144016	0.999994   	0.936352   	0          	0          	0          	0          	0          	0          	0          	0          	0.201836   	0.198624   	0.0152072  	0.015218   	0          	0          	0          	0          	0          	0          	0          	0          	1.49765	-nan	-nan	-5.94704e-05	0.000144016	0.999994   	0.936352   	0.201836   	0.198624   	0.0152072  	0.015218   	1.49765	
2.3e-11    	3.8        	3.87e-05   	-1.31164e-05	0.999993   	0.933252   	0          	0          	0          	0          	0          	0          	0          	0          	0.190529   	0.268206   	0.0170685  	0.0170332  	0          	0          	0          	0          	0          	0          	0          	0          	1.52488	-nan	-nan	3.87e-05   	-1.31164e-05	0.999993   	0.933252   	0.190529   	0.268206   	0.0170685  	0.0170332  	1.52488	
2.4e-11    	3.6        	-0.000701087	0.000382248	0.999992   	0.929622   	0          	0          	0          	0          	0          	0          	0          	0          	0.235998   	0.214891   	0.0190762  	0.0190663  	0          	0          	0          	0          	0          	0          	0          	0          	1.53524	-nan	-nan	-0.000701087	0.000382248	0.999992   	0.929622   	0.235998   	0.214891   	0.0190762  	0.0190663  	1.53524	
2.5e-11    	3.4        	-0.000304691	0.000157894	0.999991   	0.925715   	0          	0          	0          	0          	0          	0          	0          	0          	0.261003   	0.271448   	0.0245641  	0.0245363  	0          	0          	0          	0          	0          	0          	0          	0          	1.77462	-nan	-nan	-0.000304691	0.000157894	0.999991   	0.925715   	0.261003   	0.271448   	0.0245641  	0.0245363  	1.77462	
2.6e-11    	3.2        	0.000245399	-0.000379605	0.999991   	0.921278   	0          	0          	0          	0          	0          	0          	0          	0          	0.301649   	0.22954    	0.0251582  	0.0251613  	0          	0          	0          	0          	0          	0          	0          	0          	1.62055	-nan	-nan	0.000245399	-0.000379605	0.999991   	0.921278   	0.301649   	0.22954    	0.0251582  	0.0251613  	1.62055	
2.7e-11    	3          	-8.54122e-05	0.000170944	0.999992   	0.916267   	0          	0          	0          	0          	0          	0          	0          	0          	0.224026   	0.283677   	0.0258677  	0.0258508  	0          	0          	0          	0          	0          	0          	0          	0          	1.47028	-nan	-nan	-8.54122e-05	0.000170944	0.999992   	0.916267   	0.224026   	0.283677   	0.0258677  	0.0258508  	1.47028	
2.8e-11    	2.8        	0.00012611 	0.000583196	0.99999    	0.910607   	0          	0          	0          	0          	0          	0          	0          	0          	0.25948    	0.330109   	0.0269931  	0.0269938  	0          	0          	0          	0          	0          	0          	0          	0          	1.34911	-nan	-nan	0.00012611 	0.000583196	0.99999    	0.910607   	0.25948    	0.330109   	0.0269931  	0.0269938  	1.34911	
2.9e-11    	2.6        	7.38205e-05	-0.000121307	0.999989   	0.904208   	0          	0          	0          	0          	0          	0          	0          	0          	0.302522   	0.346194   	0.0342714  	0.0342989  	0          	0          	0          	0          	0          	0          	0          	0          	1.48581	-nan	-nan	7.38205e-05	-0.000121307	0.999989   	0.904208   	0.302522   	0.346194   	0.0342714  	0.0342989  	1.48581	
3e-11      	2.4        	-0.000136406	0.000205843	0.999988   	0.896654   	0          	0          	0          	0          	0          	0          	0          	0          	0.32842    	0.375683   	0.0407341  	0.0407833  	0          	0          	0          	0          	0          	0          	0          	0          	1.5162	-nan	-nan	-0.000136406	0.000205843	0.999988   	0.896654   	0.32842    	0.375683   	0.0407341  	0.0407833  	1.5162	
3.1e-11    	2.2        	-0.000329057	-8.93487e-05	0.999986   	0.888017   	0          	0          	0          	0          	0          	0          	0          	0          	0.425854   	0.375366   	0.0558241  	0.055796   	0          	0          	0          	0          	0          	0          	0          	0          	1.76511	-nan	-nan	-0.000329057	-8.93487e-05	0.999986   	0.888017   	0.425854   	0.375366   	0.0558241  	0.055796   	1.76511	
3.2e-11    	2          	-5.11063e-05	0.000257238	0.999985   	0.877293   	0          	0          	0          	0          	0          	0          	0          	0          	0.447528   	0.387139   	0.0598482  	0.0599081  	0          	0          	0          	0          	0          	0          	0          	0          	1.5761	-nan	-nan	-5.11063e-05	0.000257238	0.999985   	0.877293   	0.447528   	0.387139   	0.0598482  	0.0599081  	1.5761	
3.3e-11    	1.8        	-0.000300275	-0.000234399	0.999985   	0.864424   	0          	0          	0          	0          	0          	0          	0          	0          	0.425002   	0.367289   	0.0954234  	0.0954403  	0          	0          	0          	0          	0          	0          	0          	0          	2.06636	-nan	-nan	-0.000300275	-0.000234399	0.999985   	0.864424   	0.425002   	0.367289   	0.0954234  	0.0954403  	2.06636	
3.4e-11    	1.6        	0.000830449	0.000122651	0.999982   	0.848571   	0          	0          	0          	0          	0          	0          	0          	0          	0.48014    	0.455101   	0.0881633  	0.0882037  	0          	0          	0          	0          	0          	0          	0          	0          	1.52834	-nan	-nan	0.000830449	0.000122651	0.999982   	0.848571   	0.48014    	0.455101   	0.0881633  	0.0882037  	1.52834	
3.5e-11    	1.4        	-7.17957e-05	-0.000325344	0.999979   	0.827565   	0          	0          	0          	0          	0          	0          	0          	0          	0.530547   	0.518533   	0.144839   	0.144585   	0          	0          	0          	0          	0          	0          	0          	0          	1.95166	-nan	-nan	-7.17957e-05	-0.000325344	0.999979   	0.827565   	0.530547   	0.518533   	0.144839   	0.144585   	1.95166	
3.6e-11    	1.2        	0.000409251	0.000216886	0.999975   	0.80031    	0          	0          	0          	0          	0          	0          	0          	0          	0.589483   	0.534394   	0.214125   	0.213908   	0          	0          	0          	0          	0          	0          	0          	0          	2.13635	-nan	-nan	0.000409251	0.000216886	0.999975   	0.80031    	0.589483   	0.534394   	0.214125   	0.213908   	2.13635	
3.7e-11    	1          	0.000311827	-0.000243306	0.999971   	0.762288   	0          	0          	0          	0          	0          	0          	0          	0          	0.621301   	0.562838   	0.359013   	0.358978   	0          	0          	0          	0          	0          	0          	0          	0          	2.50743	-nan	-nan	0.000311827	-0.000243306	0.999971   	0.762288   	0.621301   	0.562838   	0.359013   	0.358978   	2.50743	
3.8e-11    	0.8        	0.000411941	0.000605472	0.999955   	0.706271   	0          	0          	0          	0          	0          	0          	0          	0          	0.859918   	0.735663   	0.564777   	0.564446   	0          	0          	0          	0          	0          	0          	0          	0          	2.5304	-nan	-nan	0.000411941	0.000605472	0.999955   	0.706271   	0.859918   	0.735663   	0.564777   	0.564446   	2.5304	
3.9e-11    	0.6        	0.00126409 	-0.000956026	0.999942   	0.618026   	0          	0          	0          	0          	0          	0          	0          	0          	0.798766   	0.756762   	1.01506    	1.01388    	0          	0          	0          	0          	0          	0          	0          	0          	2.59102	-nan	-nan	0.00126409 	-0.000956026	0.999942   	0.618026   	0.798766   	0.756762   	1.01506    	1.01388    	2.59102	
4e-11      	0.4        	0.000271859	9.15358e-05	0.999884   	0.477605   	0          	0          	0          	0          	0          	0          	0          	0          	0.934331   	0.960275   	1.54095    	1.54005    	0          	0          	0          	0          	0          	0          	0          	0          	1.79304	-nan	-nan	0.000271859	9.15358e-05	0.999884   	0.477605   	0.934331   	0.960275   	1.54095    	1.54005    	1.79304	
4.1e-11    	0.2        	-0.00151749	-0.000572658	0.999565   	0.268072   	0          	0          	0          	0          	0          	0          	0          	0          	1.07282    	1.1536     	2.20684    	2.20488    	0          	0          	0          	0          	0          	0          	0          	0          	0.685403	-nan	-nan	-0.00151749	-0.000572658	0.999565   	0.268072   	1.07282    	1.1536     	2.20684    	2.20488    	0.685403	
4.2e-11    	-0         	-0.011455  	-0.00638384	-0.0122392 	0.00948866 	0          	0          	0          	0          	0          	0          	0          	0          	0.954694   	1.14437    	2.11554    	0.992074   	0          	0          	0          	0          	0          	0          	0          	0          	0.0318857	-nan	-nan	-0.011455  	-0.00638384	-0.0122392 	0.00948866 	0.954694   	1.14437    	2.11554    	0.992074   	0.0318857	
