#----------------------------------------------------------------------------------------------------------------------------------------------------------
# Output file for vampire simulation
#   time       : 2025-10-19 19:43:56     process id : 81525
#   hostname   : 53a6091906e1
#   path       : /content/drive/MyDrive/Colab Notebooks/vampire phase diagram
#   version    : 7.0.0
#   githash    : 525bc27ee44c525aee229570f30f3d4c61d54f66
#----------------------------------------------------------------------------------------------------------------------------------------------------------
2e-12      	8          	1.49873e-07	-0.000130617	0.999997   	0.985041   	0          	0          	0          	0          	0          	0          	0          	0          	0.168603   	0.1867     	150.532    	150.455    	0          	0          	0          	0          	0          	0          	0          	0          	165757	-nan	-nan	1.49873e-07	-0.000130617	0.999997   	0.985041   	0.168603   	0.1867     	150.532    	150.455    	165757	
3e-12      	7.8        	4.22868e-05	0.00030865 	0.999999   	0.988885   	0          	0          	0          	0          	0          	0          	0          	0          	0.114427   	0.119407   	0.00142495 	0.00142407 	0          	0          	0          	0          	0          	0          	0          	0          	1.53379	-nan	-nan	4.22868e-05	0.00030865 	0.999999   	0.988885   	0.114427   	0.119407   	0.00142495 	0.00142407 	1.53379	
4e-12      	7.6        	4.4829e-05 	-2.5011e-05	0.999999   	0.988599   	0          	0          	0          	0          	0          	0          	0          	0          	0.136652   	0.101609   	0.00136345 	0.00136643 	0          	0          	0          	0          	0          	0          	0          	0          	1.39534	-nan	-nan	4.4829e-05 	-2.5011e-05	0.999999   	0.988599   	0.136652   	0.101609   	0.00136345 	0.00136643 	1.39534	
5e-12      	7.4        	-0.000167247	-2.03693e-05	0.999999   	0.988303   	0          	0          	0          	0          	0          	0          	0          	0          	0.135684   	0.120587   	0.00133554 	0.00133502 	0          	0          	0          	0          	0          	0          	0          	0          	1.29797	-nan	-nan	-0.000167247	-2.03693e-05	0.999999   	0.988303   	0.135684   	0.120587   	0.00133554 	0.00133502 	1.29797	
6e-12      	7.2        	0.00018238 	-6.79779e-05	0.999999   	0.987991   	0          	0          	0          	0          	0          	0          	0          	0          	0.115121   	0.17023    	0.00190426 	0.00190995 	0          	0          	0          	0          	0          	0          	0          	0          	1.75491	-nan	-nan	0.00018238 	-6.79779e-05	0.999999   	0.987991   	0.115121   	0.17023    	0.00190426 	0.00190995 	1.75491	
7e-12      	7          	-8.73353e-05	0.000175113	0.999999   	0.987636   	0          	0          	0          	0          	0          	0          	0          	0          	0.115423   	0.126391   	0.00185372 	0.00185184 	0          	0          	0          	0          	0          	0          	0          	0          	1.61761	-nan	-nan	-8.73353e-05	0.000175113	0.999999   	0.987636   	0.115423   	0.126391   	0.00185372 	0.00185184 	1.61761	
8e-12      	6.8        	0.000302949	0.000101964	0.999999   	0.987309   	0          	0          	0          	0          	0          	0          	0          	0          	0.130083   	0.117246   	0.00175555 	0.00175778 	0          	0          	0          	0          	0          	0          	0          	0          	1.44853	-nan	-nan	0.000302949	0.000101964	0.999999   	0.987309   	0.130083   	0.117246   	0.00175555 	0.00175778 	1.44853	
9e-12      	6.6        	-9.87264e-06	-8.70369e-05	0.999999   	0.986944   	0          	0          	0          	0          	0          	0          	0          	0          	0.163097   	0.103756   	0.00155993 	0.00156266 	0          	0          	0          	0          	0          	0          	0          	0          	1.2148	-nan	-nan	-9.87264e-06	-8.70369e-05	0.999999   	0.986944   	0.163097   	0.103756   	0.00155993 	0.00156266 	1.2148	
1e-11      	6.4        	-3.99867e-06	1.22974e-05	0.999999   	0.986551   	0          	0          	0          	0          	0          	0          	0          	0          	0.152298   	0.14922    	0.00196482 	0.00196415 	0          	0          	0          	0          	0          	0          	0          	0          	1.44192	-nan	-nan	-3.99867e-06	1.22974e-05	0.999999   	0.986551   	0.152298   	0.14922    	0.00196482 	0.00196415 	1.44192	
1.1e-11    	6.2        	-0.000119215	-5.40065e-05	0.999999   	0.986122   	0          	0          	0          	0          	0          	0          	0          	0          	0.139972   	0.151433   	0.00229791 	0.00229662 	0          	0          	0          	0          	0          	0          	0          	0          	1.58582	-nan	-nan	-0.000119215	-5.40065e-05	0.999999   	0.986122   	0.139972   	0.151433   	0.00229791 	0.00229662 	1.58582	
1.2e-11    	6          	-0.000248026	0.000232878	0.999999   	0.985659   	0          	0          	0          	0          	0          	0          	0          	0          	0.148515   	0.149494   	0.00207861 	0.00208106 	0          	0          	0          	0          	0          	0          	0          	0          	1.34683	-nan	-nan	-0.000248026	0.000232878	0.999999   	0.985659   	0.148515   	0.149494   	0.00207861 	0.00208106 	1.34683	
1.3e-11    	5.8        	1.68417e-05	4.39581e-05	0.999999   	0.985211   	0          	0          	0          	0          	0          	0          	0          	0          	0.150188   	0.148582   	0.00212606 	0.00212627 	0          	0          	0          	0          	0          	0          	0          	0          	1.2905	-nan	-nan	1.68417e-05	4.39581e-05	0.999999   	0.985211   	0.150188   	0.148582   	0.00212606 	0.00212627 	1.2905	
1.4e-11    	5.6        	-2.92958e-05	-9.15932e-06	0.999998   	0.984704   	0          	0          	0          	0          	0          	0          	0          	0          	0.172742   	0.159857   	0.00246704 	0.00246441 	0          	0          	0          	0          	0          	0          	0          	0          	1.39972	-nan	-nan	-2.92958e-05	-9.15932e-06	0.999998   	0.984704   	0.172742   	0.159857   	0.00246704 	0.00246441 	1.39972	
1.5e-11    	5.4        	-0.000174281	-0.000103033	0.999998   	0.984165   	0          	0          	0          	0          	0          	0          	0          	0          	0.170863   	0.155591   	0.00270734 	0.00271069 	0          	0          	0          	0          	0          	0          	0          	0          	1.43236	-nan	-nan	-0.000174281	-0.000103033	0.999998   	0.984165   	0.170863   	0.155591   	0.00270734 	0.00271069 	1.43236	
1.6e-11    	5.2        	0.000365034	7.89569e-05	0.999998   	0.983558   	0          	0          	0          	0          	0          	0          	0          	0          	0.194255   	0.196153   	0.00283437 	0.00283552 	0          	0          	0          	0          	0          	0          	0          	0          	1.39482	-nan	-nan	0.000365034	7.89569e-05	0.999998   	0.983558   	0.194255   	0.196153   	0.00283437 	0.00283552 	1.39482	
1.7e-11    	5          	-0.0001067 	-0.000218534	0.999998   	0.98293    	0          	0          	0          	0          	0          	0          	0          	0          	0.187555   	0.207711   	0.00351951 	0.0035146  	0          	0          	0          	0          	0          	0          	0          	0          	1.60682	-nan	-nan	-0.0001067 	-0.000218534	0.999998   	0.98293    	0.187555   	0.207711   	0.00351951 	0.0035146  	1.60682	
1.8e-11    	4.8        	1.14517e-05	-8.15179e-05	0.999998   	0.982281   	0          	0          	0          	0          	0          	0          	0          	0          	0.201722   	0.214201   	0.00332655 	0.00331517 	0          	0          	0          	0          	0          	0          	0          	0          	1.40458	-nan	-nan	1.14517e-05	-8.15179e-05	0.999998   	0.982281   	0.201722   	0.214201   	0.00332655 	0.00331517 	1.40458	
1.9e-11    	4.6        	0.000158545	1.59523e-05	0.999998   	0.9815     	0          	0          	0          	0          	0          	0          	0          	0          	0.224268   	0.20361    	0.00384027 	0.00384266 	0          	0          	0          	0          	0          	0          	0          	0          	1.49502	-nan	-nan	0.000158545	1.59523e-05	0.999998   	0.9815     	0.224268   	0.20361    	0.00384027 	0.00384266 	1.49502	
2e-11      	4.4        	2.18163e-05	-3.68616e-05	0.999998   	0.980695   	0          	0          	0          	0          	0          	0          	0          	0          	0.191407   	0.185      	0.00525332 	0.00524817 	0          	0          	0          	0          	0          	0          	0          	0          	1.87872	-nan	-nan	2.18163e-05	-3.68616e-05	0.999998   	0.980695   	0.191407   	0.185      	0.00525332 	0.00524817 	1.87872	
2.1e-11    	4.2        	8.17761e-05	0.000136858	0.999998   	0.979837   	0          	0          	0          	0          	0          	0          	0          	0          	0.246397   	0.207118   	0.00447435 	0.00447689 	0          	0          	0          	0          	0          	0          	0          	0          	1.46505	-nan	-nan	8.17761e-05	0.000136858	0.999998   	0.979837   	0.246397   	0.207118   	0.00447435 	0.00447689 	1.46505	
2.2e-11    	4          	-2.36409e-05	-5.86296e-05	0.999998   	0.978891   	0          	0          	0          	0          	0          	0          	0          	0          	0.216084   	0.196845   	0.00540447 	0.00539627 	0          	0          	0          	0          	0          	0          	0          	0          	1.61269	-nan	-nan	-2.36409e-05	-5.86296e-05	0.999998   	0.978891   	0.216084   	0.196845   	0.00540447 	0.00539627 	1.61269	
2.3e-11    	3.8        	1.72932e-05	1.172e-05  	0.999998   	0.977828   	0          	0          	0          	0          	0          	0          	0          	0          	0.246564   	0.220858   	0.00482668 	0.00483532 	0          	0          	0          	0          	0          	0          	0          	0          	1.30704	-nan	-nan	1.72932e-05	1.172e-05  	0.999998   	0.977828   	0.246564   	0.220858   	0.00482668 	0.00483532 	1.30704	
2.4e-11    	3.6        	0.000142791	9.02161e-07	0.999997   	0.976674   	0          	0          	0          	0          	0          	0          	0          	0          	0.249714   	0.284691   	0.00611692 	0.00611407 	0          	0          	0          	0          	0          	0          	0          	0          	1.49626	-nan	-nan	0.000142791	9.02161e-07	0.999997   	0.976674   	0.249714   	0.284691   	0.00611692 	0.00611407 	1.49626	
2.5e-11    	3.4        	1.10242e-05	-7.99172e-05	0.999998   	0.97537    	0          	0          	0          	0          	0          	0          	0          	0          	0.240408   	0.234025   	0.0062647  	0.00625578 	0          	0          	0          	0          	0          	0          	0          	0          	1.37557	-nan	-nan	1.10242e-05	-7.99172e-05	0.999998   	0.97537    	0.240408   	0.234025   	0.0062647  	0.00625578 	1.37557	
2.6e-11    	3.2        	-1.45042e-05	-0.000119929	0.999997   	0.973976   	0          	0          	0          	0          	0          	0          	0          	0          	0.244654   	0.274662   	0.00840572 	0.00840012 	0          	0          	0          	0          	0          	0          	0          	0          	1.64711	-nan	-nan	-1.45042e-05	-0.000119929	0.999997   	0.973976   	0.244654   	0.274662   	0.00840572 	0.00840012 	1.64711	
2.7e-11    	3          	3.53161e-05	-4.63726e-05	0.999997   	0.972322   	0          	0          	0          	0          	0          	0          	0          	0          	0.357588   	0.320982   	0.00919308 	0.00917834 	0          	0          	0          	0          	0          	0          	0          	0          	1.59676	-nan	-nan	3.53161e-05	-4.63726e-05	0.999997   	0.972322   	0.357588   	0.320982   	0.00919308 	0.00917834 	1.59676	
2.8e-11    	2.8        	-3.38139e-05	6.39298e-05	0.999997   	0.970462   	0          	0          	0          	0          	0          	0          	0          	0          	0.339283   	0.310989   	0.0110003  	0.0109962  	0          	0          	0          	0          	0          	0          	0          	0          	1.67971	-nan	-nan	-3.38139e-05	6.39298e-05	0.999997   	0.970462   	0.339283   	0.310989   	0.0110003  	0.0109962  	1.67971	
2.9e-11    	2.6        	0.000105904	-5.78603e-05	0.999997   	0.968428   	0          	0          	0          	0          	0          	0          	0          	0          	0.301288   	0.327403   	0.0103739  	0.0103663  	0          	0          	0          	0          	0          	0          	0          	0          	1.38151	-nan	-nan	0.000105904	-5.78603e-05	0.999997   	0.968428   	0.301288   	0.327403   	0.0103739  	0.0103663  	1.38151	
3e-11      	2.4        	0.000281805	-2.64703e-06	0.999996   	0.966008   	0          	0          	0          	0          	0          	0          	0          	0          	0.369883   	0.348352   	0.0123651  	0.01235    	0          	0          	0          	0          	0          	0          	0          	0          	1.42052	-nan	-nan	0.000281805	-2.64703e-06	0.999996   	0.966008   	0.369883   	0.348352   	0.0123651  	0.01235    	1.42052	
3.1e-11    	2.2        	-7.48762e-05	-0.000173039	0.999996   	0.963195   	0          	0          	0          	0          	0          	0          	0          	0          	0.376065   	0.406025   	0.0162645  	0.0162499  	0          	0          	0          	0          	0          	0          	0          	0          	1.5928	-nan	-nan	-7.48762e-05	-0.000173039	0.999996   	0.963195   	0.376065   	0.406025   	0.0162645  	0.0162499  	1.5928	
3.2e-11    	2          	-0.000244889	0.000376633	0.999996   	0.959856   	0          	0          	0          	0          	0          	0          	0          	0          	0.392848   	0.375244   	0.0208156  	0.0208047  	0          	0          	0          	0          	0          	0          	0          	0          	1.7132	-nan	-nan	-0.000244889	0.000376633	0.999996   	0.959856   	0.392848   	0.375244   	0.0208156  	0.0208047  	1.7132	
3.3e-11    	1.8        	8.33045e-05	0.000514523	0.999995   	0.955794   	0          	0          	0          	0          	0          	0          	0          	0          	0.478954   	0.417404   	0.0253361  	0.0253203  	0          	0          	0          	0          	0          	0          	0          	0          	1.72423	-nan	-nan	8.33045e-05	0.000514523	0.999995   	0.955794   	0.478954   	0.417404   	0.0253361  	0.0253203  	1.72423	
3.4e-11    	1.6        	0.000246079	-7.75885e-05	0.999994   	0.950788   	0          	0          	0          	0          	0          	0          	0          	0          	0.544521   	0.526207   	0.0345498  	0.0345554  	0          	0          	0          	0          	0          	0          	0          	0          	1.90206	-nan	-nan	0.000246079	-7.75885e-05	0.999994   	0.950788   	0.544521   	0.526207   	0.0345498  	0.0345554  	1.90206	
3.5e-11    	1.4        	0.000130632	-0.000244431	0.999994   	0.944746   	0          	0          	0          	0          	0          	0          	0          	0          	0.636518   	0.550664   	0.0400013  	0.0400254  	0          	0          	0          	0          	0          	0          	0          	0          	1.73798	-nan	-nan	0.000130632	-0.000244431	0.999994   	0.944746   	0.636518   	0.550664   	0.0400013  	0.0400254  	1.73798	
3.6e-11    	1.2        	-0.000471403	0.000531232	0.999992   	0.936749   	0          	0          	0          	0          	0          	0          	0          	0          	0.751971   	0.660478   	0.0617534  	0.0617762  	0          	0          	0          	0          	0          	0          	0          	0          	2.04986	-nan	-nan	-0.000471403	0.000531232	0.999992   	0.936749   	0.751971   	0.660478   	0.0617534  	0.0617762  	2.04986	
3.7e-11    	1          	-0.00101308	-5.9644e-05	0.999991   	0.925938   	0          	0          	0          	0          	0          	0          	0          	0          	0.699185   	0.793188   	0.102125   	0.102056   	0          	0          	0          	0          	0          	0          	0          	0          	2.46661	-nan	-nan	-0.00101308	-5.9644e-05	0.999991   	0.925938   	0.699185   	0.793188   	0.102125   	0.102056   	2.46661	
3.8e-11    	0.8        	-0.000969154	0.000542344	0.999988   	0.910442   	0          	0          	0          	0          	0          	0          	0          	0          	0.925443   	1.02675    	0.149367   	0.149472   	0          	0          	0          	0          	0          	0          	0          	0          	2.46185	-nan	-nan	-0.000969154	0.000542344	0.999988   	0.910442   	0.925443   	1.02675    	0.149367   	0.149472   	2.46185	
3.9e-11    	0.6        	5.12531e-05	-0.000766671	0.999986   	0.886211   	0          	0          	0          	0          	0          	0          	0          	0          	1.29268    	1.02777    	0.26718    	0.266967   	0          	0          	0          	0          	0          	0          	0          	0          	2.72362	-nan	-nan	5.12531e-05	-0.000766671	0.999986   	0.886211   	1.29268    	1.02777    	0.26718    	0.266967   	2.72362	
4e-11      	0.4        	-8.2096e-05	-9.14301e-05	0.999982   	0.840019   	0          	0          	0          	0          	0          	0          	0          	0          	1.23753    	1.52751    	0.913948   	0.913792   	0          	0          	0          	0          	0          	0          	0          	0          	4.68007	-nan	-nan	-8.2096e-05	-9.14301e-05	0.999982   	0.840019   	1.23753    	1.52751    	0.913948   	0.913792   	4.68007	
4.1e-11    	0.2        	0.000414996	0.000227806	0.999957   	0.693874   	0          	0          	0          	0          	0          	0          	0          	0          	2.04403    	2.42277    	7.47795    	7.47569    	0          	0          	0          	0          	0          	0          	0          	0          	10.091	-nan	-nan	0.000414996	0.000227806	0.999957   	0.693874   	2.04403    	2.42277    	7.47795    	7.47569    	10.091	
4.2e-11    	-0         	-0.027927  	0.000482865	-0.0137737 	0.0106261  	0          	0          	0          	0          	0          	0          	0          	0          	2.99791    	3.01899    	58.7147    	52.7588    	0          	0          	0          	0          	0          	0          	0          	0          	0.591821	-nan	-nan	-0.027927  	0.000482865	-0.0137737 	0.0106261  	2.99791    	3.01899    	58.7147    	52.7588    	0.591821	
