#----------------------------------------------------------------------------------------------------------------------------------------------------------
# Output file for vampire simulation
#   time       : 2025-10-19 19:47:50     process id : 82470
#   hostname   : 53a6091906e1
#   path       : /content/drive/MyDrive/Colab Notebooks/vampire phase diagram
#   version    : 7.0.0
#   githash    : 525bc27ee44c525aee229570f30f3d4c61d54f66
#----------------------------------------------------------------------------------------------------------------------------------------------------------
2e-12      	8          	-1.2732e-05	-0.000266439	0.999998   	0.981422   	0          	0          	0          	0          	0          	0          	0          	0          	0.130278   	0.118478   	114.347    	114.329    	0          	0          	0          	0          	0          	0          	0          	0          	94429.9	-nan	-nan	-1.2732e-05	-0.000266439	0.999998   	0.981422   	0.130278   	0.118478   	114.347    	114.329    	94429.9	
3e-12      	7.8        	0.000211456	-3.49049e-06	0.999999   	0.985162   	0          	0          	0          	0          	0          	0          	0          	0          	0.0959     	0.127906   	0.00206646 	0.00206688 	0          	0          	0          	0          	0          	0          	0          	0          	1.66742	-nan	-nan	0.000211456	-3.49049e-06	0.999999   	0.985162   	0.0959     	0.127906   	0.00206646 	0.00206688 	1.66742	
4e-12      	7.6        	-0.000103344	5.20446e-05	0.999998   	0.984783   	0          	0          	0          	0          	0          	0          	0          	0          	0.124584   	0.116125   	0.00211488 	0.00211624 	0          	0          	0          	0          	0          	0          	0          	0          	1.62258	-nan	-nan	-0.000103344	5.20446e-05	0.999998   	0.984783   	0.124584   	0.116125   	0.00211488 	0.00211624 	1.62258	
5e-12      	7.4        	-0.000159852	0.000232483	0.999998   	0.984386   	0          	0          	0          	0          	0          	0          	0          	0          	0.122732   	0.13666    	0.00266512 	0.00266536 	0          	0          	0          	0          	0          	0          	0          	0          	1.94154	-nan	-nan	-0.000159852	0.000232483	0.999998   	0.984386   	0.122732   	0.13666    	0.00266512 	0.00266536 	1.94154	
6e-12      	7.2        	-6.43027e-05	-0.000105376	0.999998   	0.983958   	0          	0          	0          	0          	0          	0          	0          	0          	0.137191   	0.152789   	0.00258643 	0.00259493 	0          	0          	0          	0          	0          	0          	0          	0          	1.78659	-nan	-nan	-6.43027e-05	-0.000105376	0.999998   	0.983958   	0.137191   	0.152789   	0.00258643 	0.00259493 	1.78659	
7e-12      	7          	4.79177e-05	5.22094e-05	0.999998   	0.983535   	0          	0          	0          	0          	0          	0          	0          	0          	0.13387    	0.125136   	0.00238989 	0.00239432 	0          	0          	0          	0          	0          	0          	0          	0          	1.56323	-nan	-nan	4.79177e-05	5.22094e-05	0.999998   	0.983535   	0.13387    	0.125136   	0.00238989 	0.00239432 	1.56323	
8e-12      	6.8        	0.000172612	7.29041e-05	0.999998   	0.983054   	0          	0          	0          	0          	0          	0          	0          	0          	0.157129   	0.131249   	0.00224793 	0.00224741 	0          	0          	0          	0          	0          	0          	0          	0          	1.39006	-nan	-nan	0.000172612	7.29041e-05	0.999998   	0.983054   	0.157129   	0.131249   	0.00224793 	0.00224741 	1.39006	
9e-12      	6.6        	0.000183286	-2.17902e-05	0.999998   	0.982585   	0          	0          	0          	0          	0          	0          	0          	0          	0.124998   	0.14626    	0.00263723 	0.00264204 	0          	0          	0          	0          	0          	0          	0          	0          	1.53931	-nan	-nan	0.000183286	-2.17902e-05	0.999998   	0.982585   	0.124998   	0.14626    	0.00263723 	0.00264204 	1.53931	
1e-11      	6.4        	0.000176701	-0.000134107	0.999998   	0.982071   	0          	0          	0          	0          	0          	0          	0          	0          	0.152019   	0.138358   	0.00267331 	0.00266964 	0          	0          	0          	0          	0          	0          	0          	0          	1.47023	-nan	-nan	0.000176701	-0.000134107	0.999998   	0.982071   	0.152019   	0.138358   	0.00267331 	0.00266964 	1.47023	
1.1e-11    	6.2        	0.000247955	9.20179e-05	0.999998   	0.98149    	0          	0          	0          	0          	0          	0          	0          	0          	0.163702   	0.151033   	0.00271792 	0.0027188  	0          	0          	0          	0          	0          	0          	0          	0          	1.40587	-nan	-nan	0.000247955	9.20179e-05	0.999998   	0.98149    	0.163702   	0.151033   	0.00271792 	0.0027188  	1.40587	
1.2e-11    	6          	0.000194818	0.000308265	0.999998   	0.980885   	0          	0          	0          	0          	0          	0          	0          	0          	0.12482    	0.156789   	0.00290172 	0.0028964  	0          	0          	0          	0          	0          	0          	0          	0          	1.40887	-nan	-nan	0.000194818	0.000308265	0.999998   	0.980885   	0.12482    	0.156789   	0.00290172 	0.0028964  	1.40887	
1.3e-11    	5.8        	-6.63495e-06	7.21634e-05	0.999998   	0.980265   	0          	0          	0          	0          	0          	0          	0          	0          	0.201976   	0.166378   	0.00351088 	0.00351697 	0          	0          	0          	0          	0          	0          	0          	0          	1.59706	-nan	-nan	-6.63495e-06	7.21634e-05	0.999998   	0.980265   	0.201976   	0.166378   	0.00351088 	0.00351697 	1.59706	
1.4e-11    	5.6        	0.000183933	-5.50009e-05	0.999998   	0.979591   	0          	0          	0          	0          	0          	0          	0          	0          	0.183647   	0.157407   	0.00344923 	0.00343796 	0          	0          	0          	0          	0          	0          	0          	0          	1.46637	-nan	-nan	0.000183933	-5.50009e-05	0.999998   	0.979591   	0.183647   	0.157407   	0.00344923 	0.00343796 	1.46637	
1.5e-11    	5.4        	4.78366e-05	3.10482e-05	0.999997   	0.978871   	0          	0          	0          	0          	0          	0          	0          	0          	0.229232   	0.164617   	0.00386006 	0.00386423 	0          	0          	0          	0          	0          	0          	0          	0          	1.53054	-nan	-nan	4.78366e-05	3.10482e-05	0.999997   	0.978871   	0.229232   	0.164617   	0.00386006 	0.00386423 	1.53054	
1.6e-11    	5.2        	-0.000139531	-0.000116039	0.999998   	0.978118   	0          	0          	0          	0          	0          	0          	0          	0          	0.167896   	0.166874   	0.0042357  	0.00423179 	0          	0          	0          	0          	0          	0          	0          	0          	1.56183	-nan	-nan	-0.000139531	-0.000116039	0.999998   	0.978118   	0.167896   	0.166874   	0.0042357  	0.00423179 	1.56183	
1.7e-11    	5          	0.000139303	0.000129537	0.999997   	0.977237   	0          	0          	0          	0          	0          	0          	0          	0          	0.188041   	0.204736   	0.00392887 	0.00393318 	0          	0          	0          	0          	0          	0          	0          	0          	1.344	-nan	-nan	0.000139303	0.000129537	0.999997   	0.977237   	0.188041   	0.204736   	0.00392887 	0.00393318 	1.344	
1.8e-11    	4.8        	4.5894e-05 	-0.00012369	0.999997   	0.976343   	0          	0          	0          	0          	0          	0          	0          	0          	0.188811   	0.21048    	0.00434165 	0.00433046 	0          	0          	0          	0          	0          	0          	0          	0          	1.37307	-nan	-nan	4.5894e-05 	-0.00012369	0.999997   	0.976343   	0.188811   	0.21048    	0.00434165 	0.00433046 	1.37307	
1.9e-11    	4.6        	-1.97351e-05	-9.27441e-05	0.999998   	0.97536    	0          	0          	0          	0          	0          	0          	0          	0          	0.160111   	0.192504   	0.0047745  	0.00476745 	0          	0          	0          	0          	0          	0          	0          	0          	1.3924	-nan	-nan	-1.97351e-05	-9.27441e-05	0.999998   	0.97536    	0.160111   	0.192504   	0.0047745  	0.00476745 	1.3924	
2e-11      	4.4        	-8.33851e-05	-9.66338e-05	0.999997   	0.974259   	0          	0          	0          	0          	0          	0          	0          	0          	0.22553    	0.235082   	0.00573157 	0.00573619 	0          	0          	0          	0          	0          	0          	0          	0          	1.53534	-nan	-nan	-8.33851e-05	-9.66338e-05	0.999997   	0.974259   	0.22553    	0.235082   	0.00573157 	0.00573619 	1.53534	
2.1e-11    	4.2        	5.15897e-05	6.85261e-05	0.999997   	0.973133   	0          	0          	0          	0          	0          	0          	0          	0          	0.230931   	0.238668   	0.00743759 	0.00743469 	0          	0          	0          	0          	0          	0          	0          	0          	1.82347	-nan	-nan	5.15897e-05	6.85261e-05	0.999997   	0.973133   	0.230931   	0.238668   	0.00743759 	0.00743469 	1.82347	
2.2e-11    	4          	-0.00017154	1.96995e-05	0.999997   	0.971802   	0          	0          	0          	0          	0          	0          	0          	0          	0.214146   	0.229521   	0.00729706 	0.00730045 	0          	0          	0          	0          	0          	0          	0          	0          	1.63061	-nan	-nan	-0.00017154	1.96995e-05	0.999997   	0.971802   	0.214146   	0.229521   	0.00729706 	0.00730045 	1.63061	
2.3e-11    	3.8        	1.56355e-05	2.88898e-05	0.999997   	0.970447   	0          	0          	0          	0          	0          	0          	0          	0          	0.254788   	0.194255   	0.00650678 	0.00650504 	0          	0          	0          	0          	0          	0          	0          	0          	1.31939	-nan	-nan	1.56355e-05	2.88898e-05	0.999997   	0.970447   	0.254788   	0.194255   	0.00650678 	0.00650504 	1.31939	
2.4e-11    	3.6        	1.1851e-05 	-0.000167013	0.999997   	0.968898   	0          	0          	0          	0          	0          	0          	0          	0          	0.29654    	0.218529   	0.00844331 	0.00844188 	0          	0          	0          	0          	0          	0          	0          	0          	1.54709	-nan	-nan	1.1851e-05 	-0.000167013	0.999997   	0.968898   	0.29654    	0.218529   	0.00844331 	0.00844188 	1.54709	
2.5e-11    	3.4        	-0.000393144	-0.000238636	0.999996   	0.96721    	0          	0          	0          	0          	0          	0          	0          	0          	0.260304   	0.274837   	0.00840434 	0.00839827 	0          	0          	0          	0          	0          	0          	0          	0          	1.38059	-nan	-nan	-0.000393144	-0.000238636	0.999996   	0.96721    	0.260304   	0.274837   	0.00840434 	0.00839827 	1.38059	
2.6e-11    	3.2        	-0.000120146	-0.000148584	0.999996   	0.965274   	0          	0          	0          	0          	0          	0          	0          	0          	0.273348   	0.318913   	0.0112315  	0.0112326  	0          	0          	0          	0          	0          	0          	0          	0          	1.64699	-nan	-nan	-0.000120146	-0.000148584	0.999996   	0.965274   	0.273348   	0.318913   	0.0112315  	0.0112326  	1.64699	
2.7e-11    	3          	0.000226066	-6.38536e-05	0.999996   	0.963022   	0          	0          	0          	0          	0          	0          	0          	0          	0.289803   	0.327866   	0.012607   	0.012583   	0          	0          	0          	0          	0          	0          	0          	0          	1.63684	-nan	-nan	0.000226066	-6.38536e-05	0.999996   	0.963022   	0.289803   	0.327866   	0.012607   	0.012583   	1.63684	
2.8e-11    	2.8        	0.000378204	-0.000310593	0.999996   	0.960596   	0          	0          	0          	0          	0          	0          	0          	0          	0.322304   	0.280933   	0.0137017  	0.0137146  	0          	0          	0          	0          	0          	0          	0          	0          	1.5653	-nan	-nan	0.000378204	-0.000310593	0.999996   	0.960596   	0.322304   	0.280933   	0.0137017  	0.0137146  	1.5653	
2.9e-11    	2.6        	-0.000316561	0.000130629	0.999996   	0.957801   	0          	0          	0          	0          	0          	0          	0          	0          	0.29128    	0.3518     	0.0177771  	0.0177559  	0          	0          	0          	0          	0          	0          	0          	0          	1.76849	-nan	-nan	-0.000316561	0.000130629	0.999996   	0.957801   	0.29128    	0.3518     	0.0177771  	0.0177559  	1.76849	
3e-11      	2.4        	4.99421e-05	-1.16948e-05	0.999995   	0.954534   	0          	0          	0          	0          	0          	0          	0          	0          	0.380678   	0.33677    	0.0199243  	0.0199474  	0          	0          	0          	0          	0          	0          	0          	0          	1.7084	-nan	-nan	4.99421e-05	-1.16948e-05	0.999995   	0.954534   	0.380678   	0.33677    	0.0199243  	0.0199474  	1.7084	
3.1e-11    	2.2        	-0.000214529	0.000245977	0.999995   	0.95068    	0          	0          	0          	0          	0          	0          	0          	0          	0.368527   	0.336841   	0.022507   	0.0224843  	0          	0          	0          	0          	0          	0          	0          	0          	1.64441	-nan	-nan	-0.000214529	0.000245977	0.999995   	0.95068    	0.368527   	0.336841   	0.022507   	0.0224843  	1.64441	
3.2e-11    	2          	0.000377427	-0.000216268	0.999994   	0.946231   	0          	0          	0          	0          	0          	0          	0          	0          	0.412013   	0.489066   	0.0297497  	0.0297527  	0          	0          	0          	0          	0          	0          	0          	0          	1.8255	-nan	-nan	0.000377427	-0.000216268	0.999994   	0.946231   	0.412013   	0.489066   	0.0297497  	0.0297527  	1.8255	
3.3e-11    	1.8        	-0.000278317	-5.92017e-05	0.999994   	0.940818   	0          	0          	0          	0          	0          	0          	0          	0          	0.391158   	0.435804   	0.0378202  	0.0378067  	0          	0          	0          	0          	0          	0          	0          	0          	1.9166	-nan	-nan	-0.000278317	-5.92017e-05	0.999994   	0.940818   	0.391158   	0.435804   	0.0378202  	0.0378067  	1.9166	
3.4e-11    	1.6        	0.000119671	-0.000382634	0.999994   	0.934151   	0          	0          	0          	0          	0          	0          	0          	0          	0.415702   	0.461663   	0.0417984  	0.0417873  	0          	0          	0          	0          	0          	0          	0          	0          	1.70936	-nan	-nan	0.000119671	-0.000382634	0.999994   	0.934151   	0.415702   	0.461663   	0.0417984  	0.0417873  	1.70936	
3.5e-11    	1.4        	-0.00041114	0.000164024	0.999993   	0.925782   	0          	0          	0          	0          	0          	0          	0          	0          	0.425442   	0.5575     	0.0644053  	0.0644268  	0          	0          	0          	0          	0          	0          	0          	0          	2.07323	-nan	-nan	-0.00041114	0.000164024	0.999993   	0.925782   	0.425442   	0.5575     	0.0644053  	0.0644268  	2.07323	
3.6e-11    	1.2        	9.33178e-05	-0.000350524	0.99999    	0.914963   	0          	0          	0          	0          	0          	0          	0          	0          	0.609147   	0.688797   	0.0878541  	0.0878111  	0          	0          	0          	0          	0          	0          	0          	0          	2.1524	-nan	-nan	9.33178e-05	-0.000350524	0.99999    	0.914963   	0.609147   	0.688797   	0.0878541  	0.0878111  	2.1524	
3.7e-11    	1          	4.78934e-05	-8.84342e-05	0.999988   	0.90021    	0          	0          	0          	0          	0          	0          	0          	0          	0.793126   	0.765894   	0.112436   	0.11235    	0          	0          	0          	0          	0          	0          	0          	0          	2.00699	-nan	-nan	4.78934e-05	-8.84342e-05	0.999988   	0.90021    	0.793126   	0.765894   	0.112436   	0.11235    	2.00699	
3.8e-11    	0.8        	0.000199192	0.000599405	0.999985   	0.878783   	0          	0          	0          	0          	0          	0          	0          	0          	0.954701   	0.934139   	0.187109   	0.187142   	0          	0          	0          	0          	0          	0          	0          	0          	2.25009	-nan	-nan	0.000199192	0.000599405	0.999985   	0.878783   	0.954701   	0.934139   	0.187109   	0.187142   	2.25009	
3.9e-11    	0.6        	-4.38435e-05	0.000570179	0.999983   	0.843784   	0          	0          	0          	0          	0          	0          	0          	0          	0.950141   	0.936444   	0.485668   	0.485854   	0          	0          	0          	0          	0          	0          	0          	0          	3.49922	-nan	-nan	-4.38435e-05	0.000570179	0.999983   	0.843784   	0.950141   	0.936444   	0.485668   	0.485854   	3.49922	
4e-11      	0.4        	-0.000223577	0.000130998	0.999975   	0.773554   	0          	0          	0          	0          	0          	0          	0          	0          	1.11016    	1.2949     	1.21079    	1.21032    	0          	0          	0          	0          	0          	0          	0          	0          	4.05016	-nan	-nan	-0.000223577	0.000130998	0.999975   	0.773554   	1.11016    	1.2949     	1.21079    	1.21032    	4.05016	
4.1e-11    	0.2        	-0.000822283	0.00017493 	0.999927   	0.571506   	0          	0          	0          	0          	0          	0          	0          	0          	1.96751    	1.8411     	7.76761    	7.76694    	0          	0          	0          	0          	0          	0          	0          	0          	6.99448	-nan	-nan	-0.000822283	0.00017493 	0.999927   	0.571506   	1.96751    	1.8411     	7.76761    	7.76694    	6.99448	
4.2e-11    	-0         	-0.0592093 	0.00574197 	-0.0313243 	0.01007    	0          	0          	0          	0          	0          	0          	0          	0          	2.4237     	2.37726    	17.5423    	14.1934    	0          	0          	0          	0          	0          	0          	0          	0          	0.216631	-nan	-nan	-0.0592093 	0.00574197 	-0.0313243 	0.01007    	2.4237     	2.37726    	17.5423    	14.1934    	0.216631	
