#----------------------------------------------------------------------------------------------------------------------------------------------------------
# Output file for vampire simulation
#   time       : 2025-10-19 19:56:48     process id : 84673
#   hostname   : 53a6091906e1
#   path       : /content/drive/MyDrive/Colab Notebooks/vampire phase diagram
#   version    : 7.0.0
#   githash    : 525bc27ee44c525aee229570f30f3d4c61d54f66
#----------------------------------------------------------------------------------------------------------------------------------------------------------
2e-12      	8          	-0.000178697	-0.000355311	0.999997   	0.972435   	0          	0          	0          	0          	0          	0          	0          	0          	0.10982    	0.140208   	69.914     	69.9076    	0          	0          	0          	0          	0          	0          	0          	0          	35531.8	-nan	-nan	-0.000178697	-0.000355311	0.999997   	0.972435   	0.10982    	0.140208   	69.914     	69.9076    	35531.8	
3e-12      	7.8        	-3.89946e-05	0.000126975	0.999997   	0.975907   	0          	0          	0          	0          	0          	0          	0          	0          	0.134557   	0.11293    	0.00320957 	0.00321181 	0          	0          	0          	0          	0          	0          	0          	0          	1.59198	-nan	-nan	-3.89946e-05	0.000126975	0.999997   	0.975907   	0.134557   	0.11293    	0.00320957 	0.00321181 	1.59198	
4e-12      	7.6        	0.000177319	-4.29391e-05	0.999997   	0.975266   	0          	0          	0          	0          	0          	0          	0          	0          	0.1077     	0.150923   	0.00316457 	0.00317042 	0          	0          	0          	0          	0          	0          	0          	0          	1.49267	-nan	-nan	0.000177319	-4.29391e-05	0.999997   	0.975266   	0.1077     	0.150923   	0.00316457 	0.00317042 	1.49267	
5e-12      	7.4        	-6.62093e-06	4.72891e-05	0.999998   	0.97461    	0          	0          	0          	0          	0          	0          	0          	0          	0.101783   	0.122552   	0.00321029 	0.003212   	0          	0          	0          	0          	0          	0          	0          	0          	1.43734	-nan	-nan	-6.62093e-06	4.72891e-05	0.999998   	0.97461    	0.101783   	0.122552   	0.00321029 	0.003212   	1.43734	
6e-12      	7.2        	-0.000273374	2.38808e-05	0.999997   	0.973941   	0          	0          	0          	0          	0          	0          	0          	0          	0.131383   	0.140386   	0.00362384 	0.00362115 	0          	0          	0          	0          	0          	0          	0          	0          	1.53845	-nan	-nan	-0.000273374	2.38808e-05	0.999997   	0.973941   	0.131383   	0.140386   	0.00362384 	0.00362115 	1.53845	
7e-12      	7          	-0.000208965	0.000412649	0.999997   	0.973252   	0          	0          	0          	0          	0          	0          	0          	0          	0.124195   	0.140721   	0.00400229 	0.00399432 	0          	0          	0          	0          	0          	0          	0          	0          	1.60868	-nan	-nan	-0.000208965	0.000412649	0.999997   	0.973252   	0.124195   	0.140721   	0.00400229 	0.00399432 	1.60868	
8e-12      	6.8        	-9.19694e-06	0.000131597	0.999997   	0.972476   	0          	0          	0          	0          	0          	0          	0          	0          	0.132855   	0.137816   	0.00410032 	0.00410159 	0          	0          	0          	0          	0          	0          	0          	0          	1.55812	-nan	-nan	-9.19694e-06	0.000131597	0.999997   	0.972476   	0.132855   	0.137816   	0.00410032 	0.00410159 	1.55812	
9e-12      	6.6        	0.000255817	0.000141913	0.999997   	0.971655   	0          	0          	0          	0          	0          	0          	0          	0          	0.136848   	0.124506   	0.00422285 	0.00422574 	0          	0          	0          	0          	0          	0          	0          	0          	1.5143	-nan	-nan	0.000255817	0.000141913	0.999997   	0.971655   	0.136848   	0.124506   	0.00422285 	0.00422574 	1.5143	
1e-11      	6.4        	0.000113361	-0.000142645	0.999997   	0.970738   	0          	0          	0          	0          	0          	0          	0          	0          	0.143353   	0.135172   	0.0042874  	0.00428715 	0          	0          	0          	0          	0          	0          	0          	0          	1.44882	-nan	-nan	0.000113361	-0.000142645	0.999997   	0.970738   	0.143353   	0.135172   	0.0042874  	0.00428715 	1.44882	
1.1e-11    	6.2        	-1.49958e-05	-3.05395e-05	0.999997   	0.969848   	0          	0          	0          	0          	0          	0          	0          	0          	0.153161   	0.161799   	0.00462379 	0.00461464 	0          	0          	0          	0          	0          	0          	0          	0          	1.46913	-nan	-nan	-1.49958e-05	-3.05395e-05	0.999997   	0.969848   	0.153161   	0.161799   	0.00462379 	0.00461464 	1.46913	
1.2e-11    	6          	5.13807e-05	0.000248654	0.999996   	0.968872   	0          	0          	0          	0          	0          	0          	0          	0          	0.17368    	0.16001    	0.00426171 	0.00426075 	0          	0          	0          	0          	0          	0          	0          	0          	1.27135	-nan	-nan	5.13807e-05	0.000248654	0.999996   	0.968872   	0.17368    	0.16001    	0.00426171 	0.00426075 	1.27135	
1.3e-11    	5.8        	0.000217438	-0.000186959	0.999996   	0.967833   	0          	0          	0          	0          	0          	0          	0          	0          	0.137532   	0.193769   	0.00529001 	0.00530438 	0          	0          	0          	0          	0          	0          	0          	0          	1.4779	-nan	-nan	0.000217438	-0.000186959	0.999996   	0.967833   	0.137532   	0.193769   	0.00529001 	0.00530438 	1.4779	
1.4e-11    	5.6        	0.000150995	-0.000327077	0.999996   	0.966805   	0          	0          	0          	0          	0          	0          	0          	0          	0.152368   	0.16812    	0.00662934 	0.00662772 	0          	0          	0          	0          	0          	0          	0          	0          	1.73061	-nan	-nan	0.000150995	-0.000327077	0.999996   	0.966805   	0.152368   	0.16812    	0.00662934 	0.00662772 	1.73061	
1.5e-11    	5.4        	-2.02702e-05	-0.00019993	0.999996   	0.965606   	0          	0          	0          	0          	0          	0          	0          	0          	0.174303   	0.16404    	0.00586342 	0.00586469 	0          	0          	0          	0          	0          	0          	0          	0          	1.4274	-nan	-nan	-2.02702e-05	-0.00019993	0.999996   	0.965606   	0.174303   	0.16404    	0.00586342 	0.00586469 	1.4274	
1.6e-11    	5.2        	-0.000225288	0.000296082	0.999996   	0.964331   	0          	0          	0          	0          	0          	0          	0          	0          	0.169363   	0.199543   	0.00698403 	0.00698466 	0          	0          	0          	0          	0          	0          	0          	0          	1.58098	-nan	-nan	-0.000225288	0.000296082	0.999996   	0.964331   	0.169363   	0.199543   	0.00698403 	0.00698466 	1.58098	
1.7e-11    	5          	-0.000255441	-7.88227e-05	0.999996   	0.962974   	0          	0          	0          	0          	0          	0          	0          	0          	0.209775   	0.15446    	0.00714473 	0.00713758 	0          	0          	0          	0          	0          	0          	0          	0          	1.49944	-nan	-nan	-0.000255441	-7.88227e-05	0.999996   	0.962974   	0.209775   	0.15446    	0.00714473 	0.00713758 	1.49944	
1.8e-11    	4.8        	-9.89371e-05	-0.000400505	0.999996   	0.96154    	0          	0          	0          	0          	0          	0          	0          	0          	0.178729   	0.20912    	0.00895435 	0.00895243 	0          	0          	0          	0          	0          	0          	0          	0          	1.73724	-nan	-nan	-9.89371e-05	-0.000400505	0.999996   	0.96154    	0.178729   	0.20912    	0.00895435 	0.00895243 	1.73724	
1.9e-11    	4.6        	0.000235349	-3.08391e-05	0.999995   	0.959884   	0          	0          	0          	0          	0          	0          	0          	0          	0.1968     	0.237737   	0.0105313  	0.0105426  	0          	0          	0          	0          	0          	0          	0          	0          	1.88392	-nan	-nan	0.000235349	-3.08391e-05	0.999995   	0.959884   	0.1968     	0.237737   	0.0105313  	0.0105426  	1.88392	
2e-11      	4.4        	-0.000136203	3.52178e-05	0.999996   	0.958087   	0          	0          	0          	0          	0          	0          	0          	0          	0.192551   	0.18336    	0.0111475  	0.0111348  	0          	0          	0          	0          	0          	0          	0          	0          	1.83107	-nan	-nan	-0.000136203	3.52178e-05	0.999996   	0.958087   	0.192551   	0.18336    	0.0111475  	0.0111348  	1.83107	
2.1e-11    	4.2        	-3.61269e-05	-1.66216e-06	0.999995   	0.956177   	0          	0          	0          	0          	0          	0          	0          	0          	0.213827   	0.236252   	0.00965651 	0.009666   	0          	0          	0          	0          	0          	0          	0          	0          	1.45089	-nan	-nan	-3.61269e-05	-1.66216e-06	0.999995   	0.956177   	0.213827   	0.236252   	0.00965651 	0.009666   	1.45089	
2.2e-11    	4          	5.18113e-05	0.000226647	0.999995   	0.954099   	0          	0          	0          	0          	0          	0          	0          	0          	0.211077   	0.243812   	0.011328   	0.0113197  	0          	0          	0          	0          	0          	0          	0          	0          	1.55182	-nan	-nan	5.18113e-05	0.000226647	0.999995   	0.954099   	0.211077   	0.243812   	0.011328   	0.0113197  	1.55182	
2.3e-11    	3.8        	1.65238e-05	0.000288338	0.999995   	0.951873   	0          	0          	0          	0          	0          	0          	0          	0          	0.212037   	0.219135   	0.0141417  	0.0141336  	0          	0          	0          	0          	0          	0          	0          	0          	1.75581	-nan	-nan	1.65238e-05	0.000288338	0.999995   	0.951873   	0.212037   	0.219135   	0.0141417  	0.0141336  	1.75581	
2.4e-11    	3.6        	2.80184e-05	-0.000195905	0.999995   	0.949347   	0          	0          	0          	0          	0          	0          	0          	0          	0.24479    	0.242184   	0.0138962  	0.0138829  	0          	0          	0          	0          	0          	0          	0          	0          	1.55704	-nan	-nan	2.80184e-05	-0.000195905	0.999995   	0.949347   	0.24479    	0.242184   	0.0138962  	0.0138829  	1.55704	
2.5e-11    	3.4        	0.00030964 	4.56275e-05	0.999994   	0.946447   	0          	0          	0          	0          	0          	0          	0          	0          	0.293001   	0.243801   	0.0145208  	0.0144909  	0          	0          	0          	0          	0          	0          	0          	0          	1.46089	-nan	-nan	0.00030964 	4.56275e-05	0.999994   	0.946447   	0.293001   	0.243801   	0.0145208  	0.0144909  	1.46089	
2.6e-11    	3.2        	-3.59521e-08	-0.000192337	0.999994   	0.943312   	0          	0          	0          	0          	0          	0          	0          	0          	0.225625   	0.274537   	0.0170057  	0.0170118  	0          	0          	0          	0          	0          	0          	0          	0          	1.52614	-nan	-nan	-3.59521e-08	-0.000192337	0.999994   	0.943312   	0.225625   	0.274537   	0.0170057  	0.0170118  	1.52614	
2.7e-11    	3          	8.66722e-05	-0.000146657	0.999993   	0.939799   	0          	0          	0          	0          	0          	0          	0          	0          	0.310441   	0.306272   	0.0232228  	0.0232146  	0          	0          	0          	0          	0          	0          	0          	0          	1.84335	-nan	-nan	8.66722e-05	-0.000146657	0.999993   	0.939799   	0.310441   	0.306272   	0.0232228  	0.0232146  	1.84335	
2.8e-11    	2.8        	5.52974e-05	0.000436208	0.999993   	0.93577    	0          	0          	0          	0          	0          	0          	0          	0          	0.310796   	0.255075   	0.0227299  	0.0227052  	0          	0          	0          	0          	0          	0          	0          	0          	1.58529	-nan	-nan	5.52974e-05	0.000436208	0.999993   	0.93577    	0.310796   	0.255075   	0.0227299  	0.0227052  	1.58529	
2.9e-11    	2.6        	7.11978e-05	-0.000178587	0.999992   	0.931079   	0          	0          	0          	0          	0          	0          	0          	0          	0.370698   	0.299966   	0.0270683  	0.0270988  	0          	0          	0          	0          	0          	0          	0          	0          	1.64242	-nan	-nan	7.11978e-05	-0.000178587	0.999992   	0.931079   	0.370698   	0.299966   	0.0270683  	0.0270988  	1.64242	
3e-11      	2.4        	0.000346654	0.000382169	0.999992   	0.925669   	0          	0          	0          	0          	0          	0          	0          	0          	0.352414   	0.283495   	0.0292024  	0.0291985  	0          	0          	0          	0          	0          	0          	0          	0          	1.52228	-nan	-nan	0.000346654	0.000382169	0.999992   	0.925669   	0.352414   	0.283495   	0.0292024  	0.0291985  	1.52228	
3.1e-11    	2.2        	0.000113858	0.000285686	0.999991   	0.919528   	0          	0          	0          	0          	0          	0          	0          	0          	0.359406   	0.413194   	0.042587   	0.0425791  	0          	0          	0          	0          	0          	0          	0          	0          	1.89007	-nan	-nan	0.000113858	0.000285686	0.999991   	0.919528   	0.359406   	0.413194   	0.042587   	0.0425791  	1.89007	
3.2e-11    	2          	-0.000179787	-0.000614541	0.999989   	0.911922   	0          	0          	0          	0          	0          	0          	0          	0          	0.421011   	0.500827   	0.0390233  	0.039053   	0          	0          	0          	0          	0          	0          	0          	0          	1.44884	-nan	-nan	-0.000179787	-0.000614541	0.999989   	0.911922   	0.421011   	0.500827   	0.0390233  	0.039053   	1.44884	
3.3e-11    	1.8        	0.000132127	-3.25196e-05	0.99999    	0.902978   	0          	0          	0          	0          	0          	0          	0          	0          	0.413538   	0.429421   	0.0566885  	0.0566309  	0          	0          	0          	0          	0          	0          	0          	0          	1.73509	-nan	-nan	0.000132127	-3.25196e-05	0.99999    	0.902978   	0.413538   	0.429421   	0.0566885  	0.0566309  	1.73509	
3.4e-11    	1.6        	-0.00064407	6.60758e-05	0.999987   	0.891649   	0          	0          	0          	0          	0          	0          	0          	0          	0.484272   	0.531143   	0.0655778  	0.0654809  	0          	0          	0          	0          	0          	0          	0          	0          	1.61592	-nan	-nan	-0.00064407	6.60758e-05	0.999987   	0.891649   	0.484272   	0.531143   	0.0655778  	0.0654809  	1.61592	
3.5e-11    	1.4        	0.000283837	-0.000597594	0.999983   	0.877646   	0          	0          	0          	0          	0          	0          	0          	0          	0.678957   	0.638696   	0.103872   	0.103847   	0          	0          	0          	0          	0          	0          	0          	0          	2.00214	-nan	-nan	0.000283837	-0.000597594	0.999983   	0.877646   	0.678957   	0.638696   	0.103872   	0.103847   	2.00214	
3.6e-11    	1.2        	-0.000373667	-6.78322e-05	0.999984   	0.858995   	0          	0          	0          	0          	0          	0          	0          	0          	0.530724   	0.619961   	0.142452   	0.142493   	0          	0          	0          	0          	0          	0          	0          	0          	2.05413	-nan	-nan	-0.000373667	-6.78322e-05	0.999984   	0.858995   	0.530724   	0.619961   	0.142452   	0.142493   	2.05413	
3.7e-11    	1          	-0.00018574	7.36014e-05	0.99998    	0.832895   	0          	0          	0          	0          	0          	0          	0          	0          	0.648202   	0.760673   	0.228944   	0.229096   	0          	0          	0          	0          	0          	0          	0          	0          	2.37695	-nan	-nan	-0.00018574	7.36014e-05	0.99998    	0.832895   	0.648202   	0.760673   	0.228944   	0.229096   	2.37695	
3.8e-11    	0.8        	-0.000463299	0.000886862	0.999972   	0.794336   	0          	0          	0          	0          	0          	0          	0          	0          	0.875776   	0.859778   	0.405152   	0.405783   	0          	0          	0          	0          	0          	0          	0          	0          	2.73124	-nan	-nan	-0.000463299	0.000886862	0.999972   	0.794336   	0.875776   	0.859778   	0.405152   	0.405783   	2.73124	
3.9e-11    	0.6        	6.81991e-05	-0.000667683	0.999962   	0.728919   	0          	0          	0          	0          	0          	0          	0          	0          	1.09319    	0.886224   	0.882647   	0.88229    	0          	0          	0          	0          	0          	0          	0          	0          	3.41689	-nan	-nan	6.81991e-05	-0.000667683	0.999962   	0.728919   	1.09319    	0.886224   	0.882647   	0.88229    	3.41689	
4e-11      	0.4        	0.00111965 	0.000131669	0.999933   	0.606822   	0          	0          	0          	0          	0          	0          	0          	0          	1.19644    	1.23027    	2.14339    	2.14285    	0          	0          	0          	0          	0          	0          	0          	0          	3.72007	-nan	-nan	0.00111965 	0.000131669	0.999933   	0.606822   	1.19644    	1.23027    	2.14339    	2.14285    	3.72007	
4.1e-11    	0.2        	-0.000122274	2.54344e-06	0.999786   	0.371711   	0          	0          	0          	0          	0          	0          	0          	0          	1.53673    	1.39276    	3.68734    	3.68559    	0          	0          	0          	0          	0          	0          	0          	0          	1.72851	-nan	-nan	-0.000122274	2.54344e-06	0.999786   	0.371711   	1.53673    	1.39276    	3.68734    	3.68559    	1.72851	
4.2e-11    	-0         	-0.0235849 	-0.0456355 	0.0171594  	0.00941961 	0          	0          	0          	0          	0          	0          	0          	0          	1.45675    	1.39021    	3.84264    	2.3177     	0          	0          	0          	0          	0          	0          	0          	0          	0.0570298	-nan	-nan	-0.0235849 	-0.0456355 	0.0171594  	0.00941961 	1.45675    	1.39021    	3.84264    	2.3177     	0.0570298	
