#----------------------------------------------------------------------------------------------------------------------------------------------------------
# Output file for vampire simulation
#   time       : 2025-10-19 19:36:33     process id : 79725
#   hostname   : 53a6091906e1
#   path       : /content/drive/MyDrive/Colab Notebooks/vampire phase diagram
#   version    : 7.0.0
#   githash    : 525bc27ee44c525aee229570f30f3d4c61d54f66
#----------------------------------------------------------------------------------------------------------------------------------------------------------
2e-12      	8          	-0.000296538	-0.000196216	0.999997   	0.984274   	0          	0          	0          	0          	0          	0          	0          	0          	0.166131   	0.260374   	1278.56    	1278.36    	0          	0          	0          	0          	0          	0          	0          	0          	4.19283e+06	-nan	-nan	-0.000296538	-0.000196216	0.999997   	0.984274   	0.166131   	0.260374   	1278.56    	1278.36    	4.19283e+06	
3e-12      	7.8        	-1.56484e-05	9.864e-05  	1          	0.996294   	0          	0          	0          	0          	0          	0          	0          	0          	0.12291    	0.148992   	0.000447866	0.000448225	0          	0          	0          	0          	0          	0          	0          	0          	1.44756	-nan	-nan	-1.56484e-05	9.864e-05  	1          	0.996294   	0.12291    	0.148992   	0.000447866	0.000448225	1.44756	
4e-12      	7.6        	-7.10496e-06	1.46062e-05	1          	0.9962     	0          	0          	0          	0          	0          	0          	0          	0          	0.124007   	0.126212   	0.000457918	0.00045658 	0          	0          	0          	0          	0          	0          	0          	0          	1.40733	-nan	-nan	-7.10496e-06	1.46062e-05	1          	0.9962     	0.124007   	0.126212   	0.000457918	0.00045658 	1.40733	
5e-12      	7.4        	-4.66698e-05	8.27707e-05	1          	0.996111   	0          	0          	0          	0          	0          	0          	0          	0          	0.108111   	0.14512    	0.000524341	0.000523913	0          	0          	0          	0          	0          	0          	0          	0          	1.53026	-nan	-nan	-4.66698e-05	8.27707e-05	1          	0.996111   	0.108111   	0.14512    	0.000524341	0.000523913	1.53026	
6e-12      	7.2        	-3.78631e-05	2.44707e-05	1          	0.995998   	0          	0          	0          	0          	0          	0          	0          	0          	0.169539   	0.134438   	0.000513706	0.000513683	0          	0          	0          	0          	0          	0          	0          	0          	1.42177	-nan	-nan	-3.78631e-05	2.44707e-05	1          	0.995998   	0.169539   	0.134438   	0.000513706	0.000513683	1.42177	
7e-12      	7          	-2.02049e-05	6.03193e-05	1          	0.995886   	0          	0          	0          	0          	0          	0          	0          	0          	0.121794   	0.140898   	0.000618895	0.00061908 	0          	0          	0          	0          	0          	0          	0          	0          	1.62196	-nan	-nan	-2.02049e-05	6.03193e-05	1          	0.995886   	0.121794   	0.140898   	0.000618895	0.00061908 	1.62196	
8e-12      	6.8        	0.000146889	0.000141087	1          	0.995773   	0          	0          	0          	0          	0          	0          	0          	0          	0.152119   	0.113436   	0.000584583	0.00058498 	0          	0          	0          	0          	0          	0          	0          	0          	1.44852	-nan	-nan	0.000146889	0.000141087	1          	0.995773   	0.152119   	0.113436   	0.000584583	0.00058498 	1.44852	
9e-12      	6.6        	-2.37993e-05	2.93627e-05	1          	0.995647   	0          	0          	0          	0          	0          	0          	0          	0          	0.15007    	0.155969   	0.000641379	0.000642607	0          	0          	0          	0          	0          	0          	0          	0          	1.50027	-nan	-nan	-2.37993e-05	2.93627e-05	1          	0.995647   	0.15007    	0.155969   	0.000641379	0.000642607	1.50027	
1e-11      	6.4        	-3.31283e-05	1.42198e-05	1          	0.99552    	0          	0          	0          	0          	0          	0          	0          	0          	0.180396   	0.134075   	0.000713387	0.000712254	0          	0          	0          	0          	0          	0          	0          	0          	1.57249	-nan	-nan	-3.31283e-05	1.42198e-05	1          	0.99552    	0.180396   	0.134075   	0.000713387	0.000712254	1.57249	
1.1e-11    	6.2        	-8.72636e-05	4.66467e-05	0.999999   	0.995372   	0          	0          	0          	0          	0          	0          	0          	0          	0.16611    	0.186497   	0.000642759	0.000642923	0          	0          	0          	0          	0          	0          	0          	0          	1.33276	-nan	-nan	-8.72636e-05	4.66467e-05	0.999999   	0.995372   	0.16611    	0.186497   	0.000642759	0.000642923	1.33276	
1.2e-11    	6          	7.39065e-05	2.60076e-05	1          	0.995225   	0          	0          	0          	0          	0          	0          	0          	0          	0.13983    	0.147058   	0.000718888	0.000718869	0          	0          	0          	0          	0          	0          	0          	0          	1.39941	-nan	-nan	7.39065e-05	2.60076e-05	1          	0.995225   	0.13983    	0.147058   	0.000718888	0.000718869	1.39941	
1.3e-11    	5.8        	5.87814e-05	1.46316e-07	0.999999   	0.99507    	0          	0          	0          	0          	0          	0          	0          	0          	0.159088   	0.181062   	0.000760776	0.000761991	0          	0          	0          	0          	0          	0          	0          	0          	1.38743	-nan	-nan	5.87814e-05	1.46316e-07	0.999999   	0.99507    	0.159088   	0.181062   	0.000760776	0.000761991	1.38743	
1.4e-11    	5.6        	1.06407e-05	-3.14227e-05	0.999999   	0.994902   	0          	0          	0          	0          	0          	0          	0          	0          	0.155951   	0.173043   	0.0010346  	0.001033   	0          	0          	0          	0          	0          	0          	0          	0          	1.76396	-nan	-nan	1.06407e-05	-3.14227e-05	0.999999   	0.994902   	0.155951   	0.173043   	0.0010346  	0.001033   	1.76396	
1.5e-11    	5.4        	3.42572e-05	-3.71884e-05	0.999999   	0.994723   	0          	0          	0          	0          	0          	0          	0          	0          	0.189677   	0.159333   	0.00100713 	0.0010078  	0          	0          	0          	0          	0          	0          	0          	0          	1.60147	-nan	-nan	3.42572e-05	-3.71884e-05	0.999999   	0.994723   	0.189677   	0.159333   	0.00100713 	0.0010078  	1.60147	
1.6e-11    	5.2        	-7.53705e-05	4.46654e-05	0.999999   	0.994522   	0          	0          	0          	0          	0          	0          	0          	0          	0.172741   	0.168819   	0.00105989 	0.00105996 	0          	0          	0          	0          	0          	0          	0          	0          	1.56788	-nan	-nan	-7.53705e-05	4.46654e-05	0.999999   	0.994522   	0.172741   	0.168819   	0.00105989 	0.00105996 	1.56788	
1.7e-11    	5          	6.79823e-05	-9.23134e-05	0.999999   	0.994317   	0          	0          	0          	0          	0          	0          	0          	0          	0.17283    	0.190445   	0.000972114	0.000972102	0          	0          	0          	0          	0          	0          	0          	0          	1.33415	-nan	-nan	6.79823e-05	-9.23134e-05	0.999999   	0.994317   	0.17283    	0.190445   	0.000972114	0.000972102	1.33415	
1.8e-11    	4.8        	-7.15705e-05	-6.73031e-05	0.999999   	0.994095   	0          	0          	0          	0          	0          	0          	0          	0          	0.166131   	0.185593   	0.00117312 	0.00117315 	0          	0          	0          	0          	0          	0          	0          	0          	1.4894	-nan	-nan	-7.15705e-05	-6.73031e-05	0.999999   	0.994095   	0.166131   	0.185593   	0.00117312 	0.00117315 	1.4894	
1.9e-11    	4.6        	7.55186e-06	-1.82034e-06	0.999999   	0.993849   	0          	0          	0          	0          	0          	0          	0          	0          	0.187208   	0.19464    	0.00132604 	0.00132653 	0          	0          	0          	0          	0          	0          	0          	0          	1.5525	-nan	-nan	7.55186e-06	-1.82034e-06	0.999999   	0.993849   	0.187208   	0.19464    	0.00132604 	0.00132653 	1.5525	
2e-11      	4.4        	-3.07363e-05	-7.19786e-05	0.999999   	0.993581   	0          	0          	0          	0          	0          	0          	0          	0          	0.17378    	0.193547   	0.00122765 	0.00122883 	0          	0          	0          	0          	0          	0          	0          	0          	1.32086	-nan	-nan	-3.07363e-05	-7.19786e-05	0.999999   	0.993581   	0.17378    	0.193547   	0.00122765 	0.00122883 	1.32086	
2.1e-11    	4.2        	0.000170655	-8.39955e-05	0.999999   	0.993293   	0          	0          	0          	0          	0          	0          	0          	0          	0.216262   	0.202551   	0.00150846 	0.0015094  	0          	0          	0          	0          	0          	0          	0          	0          	1.486	-nan	-nan	0.000170655	-8.39955e-05	0.999999   	0.993293   	0.216262   	0.202551   	0.00150846 	0.0015094  	1.486	
2.2e-11    	4          	1.70104e-05	1.6607e-05 	0.999999   	0.992979   	0          	0          	0          	0          	0          	0          	0          	0          	0.213847   	0.23048    	0.00175489 	0.00175603 	0          	0          	0          	0          	0          	0          	0          	0          	1.5762	-nan	-nan	1.70104e-05	1.6607e-05 	0.999999   	0.992979   	0.213847   	0.23048    	0.00175489 	0.00175603 	1.5762	
2.3e-11    	3.8        	-5.0995e-05	9.72103e-05	0.999999   	0.99263    	0          	0          	0          	0          	0          	0          	0          	0          	0.266138   	0.188873   	0.0017251  	0.00172445 	0          	0          	0          	0          	0          	0          	0          	0          	1.40658	-nan	-nan	-5.0995e-05	9.72103e-05	0.999999   	0.99263    	0.266138   	0.188873   	0.0017251  	0.00172445 	1.40658	
2.4e-11    	3.6        	7.11438e-05	2.891e-05  	0.999999   	0.992258   	0          	0          	0          	0          	0          	0          	0          	0          	0.256009   	0.225029   	0.00185368 	0.00185352 	0          	0          	0          	0          	0          	0          	0          	0          	1.36526	-nan	-nan	7.11438e-05	2.891e-05  	0.999999   	0.992258   	0.256009   	0.225029   	0.00185368 	0.00185352 	1.36526	
2.5e-11    	3.4        	-3.11366e-05	0.000103562	0.999999   	0.991816   	0          	0          	0          	0          	0          	0          	0          	0          	0.267697   	0.265664   	0.00229722 	0.00229827 	0          	0          	0          	0          	0          	0          	0          	0          	1.5202	-nan	-nan	-3.11366e-05	0.000103562	0.999999   	0.991816   	0.267697   	0.265664   	0.00229722 	0.00229827 	1.5202	
2.6e-11    	3.2        	-3.63474e-05	-4.77089e-05	0.999999   	0.99133    	0          	0          	0          	0          	0          	0          	0          	0          	0.298987   	0.28604    	0.00246615 	0.0024639  	0          	0          	0          	0          	0          	0          	0          	0          	1.45735	-nan	-nan	-3.63474e-05	-4.77089e-05	0.999999   	0.99133    	0.298987   	0.28604    	0.00246615 	0.0024639  	1.45735	
2.7e-11    	3          	0.00010025 	9.44843e-05	0.999999   	0.990807   	0          	0          	0          	0          	0          	0          	0          	0          	0.329136   	0.307123   	0.00303997 	0.00303118 	0          	0          	0          	0          	0          	0          	0          	0          	1.59331	-nan	-nan	0.00010025 	9.44843e-05	0.999999   	0.990807   	0.329136   	0.307123   	0.00303997 	0.00303118 	1.59331	
2.8e-11    	2.8        	0.000203976	-6.42091e-06	0.999999   	0.990194   	0          	0          	0          	0          	0          	0          	0          	0          	0.336006   	0.28609    	0.00347805 	0.00347583 	0          	0          	0          	0          	0          	0          	0          	0          	1.60376	-nan	-nan	0.000203976	-6.42091e-06	0.999999   	0.990194   	0.336006   	0.28609    	0.00347805 	0.00347583 	1.60376	
2.9e-11    	2.6        	-1.41886e-05	7.57434e-05	0.999999   	0.989508   	0          	0          	0          	0          	0          	0          	0          	0          	0.344341   	0.317288   	0.00397595 	0.00397201 	0          	0          	0          	0          	0          	0          	0          	0          	1.59993	-nan	-nan	-1.41886e-05	7.57434e-05	0.999999   	0.989508   	0.344341   	0.317288   	0.00397595 	0.00397201 	1.59993	
3e-11      	2.4        	2.08369e-05	0.000151986	0.999999   	0.988711   	0          	0          	0          	0          	0          	0          	0          	0          	0.376875   	0.302873   	0.00464462 	0.0046435  	0          	0          	0          	0          	0          	0          	0          	0          	1.61409	-nan	-nan	2.08369e-05	0.000151986	0.999999   	0.988711   	0.376875   	0.302873   	0.00464462 	0.0046435  	1.61409	
3.1e-11    	2.2        	-9.46135e-06	-8.99343e-05	0.999999   	0.987787   	0          	0          	0          	0          	0          	0          	0          	0          	0.403447   	0.361374   	0.00557386 	0.00557341 	0          	0          	0          	0          	0          	0          	0          	0          	1.65408	-nan	-nan	-9.46135e-06	-8.99343e-05	0.999999   	0.987787   	0.403447   	0.361374   	0.00557386 	0.00557341 	1.65408	
3.2e-11    	2          	3.36487e-05	-3.35986e-05	0.999999   	0.986695   	0          	0          	0          	0          	0          	0          	0          	0          	0.384435   	0.385818   	0.006705   	0.00671156 	0          	0          	0          	0          	0          	0          	0          	0          	1.6747	-nan	-nan	3.36487e-05	-3.35986e-05	0.999999   	0.986695   	0.384435   	0.385818   	0.006705   	0.00671156 	1.6747	
3.3e-11    	1.8        	-0.000192557	5.02413e-05	0.999998   	0.985353   	0          	0          	0          	0          	0          	0          	0          	0          	0.527808   	0.476053   	0.00844485 	0.00845046 	0          	0          	0          	0          	0          	0          	0          	0          	1.74795	-nan	-nan	-0.000192557	5.02413e-05	0.999998   	0.985353   	0.527808   	0.476053   	0.00844485 	0.00845046 	1.74795	
3.4e-11    	1.6        	-7.97795e-05	-0.000198769	0.999998   	0.983775   	0          	0          	0          	0          	0          	0          	0          	0          	0.558032   	0.522824   	0.00930365 	0.00929443 	0          	0          	0          	0          	0          	0          	0          	0          	1.56458	-nan	-nan	-7.97795e-05	-0.000198769	0.999998   	0.983775   	0.558032   	0.522824   	0.00930365 	0.00929443 	1.56458	
3.5e-11    	1.4        	-0.000103013	-4.52805e-05	0.999998   	0.981796   	0          	0          	0          	0          	0          	0          	0          	0          	0.559837   	0.564048   	0.012975   	0.0129805  	0          	0          	0          	0          	0          	0          	0          	0          	1.72968	-nan	-nan	-0.000103013	-4.52805e-05	0.999998   	0.981796   	0.559837   	0.564048   	0.012975   	0.0129805  	1.72968	
3.6e-11    	1.2        	4.93503e-05	2.0386e-05 	0.999998   	0.979208   	0          	0          	0          	0          	0          	0          	0          	0          	0.694956   	0.679288   	0.0189143  	0.0189156  	0          	0          	0          	0          	0          	0          	0          	0          	1.93909	-nan	-nan	4.93503e-05	2.0386e-05 	0.999998   	0.979208   	0.694956   	0.679288   	0.0189143  	0.0189156  	1.93909	
3.7e-11    	1          	4.72543e-05	-2.24501e-05	0.999997   	0.975814   	0          	0          	0          	0          	0          	0          	0          	0          	0.781783   	0.797888   	0.0216869  	0.0216796  	0          	0          	0          	0          	0          	0          	0          	0          	1.64089	-nan	-nan	4.72543e-05	-2.24501e-05	0.999997   	0.975814   	0.781783   	0.797888   	0.0216869  	0.0216796  	1.64089	
3.8e-11    	0.8        	-4.1329e-05	0.000357924	0.999996   	0.971084   	0          	0          	0          	0          	0          	0          	0          	0          	1.06009    	1.06151    	0.0445578  	0.0444263  	0          	0          	0          	0          	0          	0          	0          	0          	2.35613	-nan	-nan	-4.1329e-05	0.000357924	0.999996   	0.971084   	1.06009    	1.06151    	0.0445578  	0.0444263  	2.35613	
3.9e-11    	0.6        	7.60472e-05	-0.000216025	0.999996   	0.963861   	0          	0          	0          	0          	0          	0          	0          	0          	1.21861    	1.1919     	0.0733847  	0.0733722  	0          	0          	0          	0          	0          	0          	0          	0          	2.4923	-nan	-nan	7.60472e-05	-0.000216025	0.999996   	0.963861   	1.21861    	1.1919     	0.0733847  	0.0733722  	2.4923	
4e-11      	0.4        	-0.000101042	5.21866e-05	0.999995   	0.95188    	0          	0          	0          	0          	0          	0          	0          	0          	1.33598    	1.60639    	0.188016   	0.187722   	0          	0          	0          	0          	0          	0          	0          	0          	3.60483	-nan	-nan	-0.000101042	5.21866e-05	0.999995   	0.95188    	1.33598    	1.60639    	0.188016   	0.187722   	3.60483	
4.1e-11    	0.2        	-0.000281955	-6.79619e-05	0.999992   	0.926478   	0          	0          	0          	0          	0          	0          	0          	0          	2.02535    	2.51166    	0.701754   	0.701375   	0          	0          	0          	0          	0          	0          	0          	0          	5.76656	-nan	-nan	-0.000281955	-6.79619e-05	0.999992   	0.926478   	2.02535    	2.51166    	0.701754   	0.701375   	5.76656	
4.2e-11    	-0         	0.00186906 	-0.0612508 	0.113823   	0.0327503  	0          	0          	0          	0          	0          	0          	0          	0          	4.3507     	4.45637    	3895.21    	3761.01    	0          	0          	0          	0          	0          	0          	0          	0          	14.1274	-nan	-nan	0.00186906 	-0.0612508 	0.113823   	0.0327503  	4.3507     	4.45637    	3895.21    	3761.01    	14.1274	
