#----------------------------------------------------------------------------------------------------------------------------------------------------------
# Output file for vampire simulation
#   time       : 2025-10-19 20:21:53     process id : 90788
#   hostname   : 53a6091906e1
#   path       : /content/drive/MyDrive/Colab Notebooks/vampire phase diagram
#   version    : 7.0.0
#   githash    : 525bc27ee44c525aee229570f30f3d4c61d54f66
#----------------------------------------------------------------------------------------------------------------------------------------------------------
2e-12      	8          	-0.000497884	-0.00029045	0.999995   	0.947427   	0          	0          	0          	0          	0          	0          	0          	0          	0.0910003  	0.119514   	29.8122    	29.8104    	0          	0          	0          	0          	0          	0          	0          	0          	7286.15	-nan	-nan	-0.000497884	-0.00029045	0.999995   	0.947427   	0.0910003  	0.119514   	29.8122    	29.8104    	7286.15	
3e-12      	7.8        	-9.80959e-05	9.74976e-05	0.999995   	0.949927   	0          	0          	0          	0          	0          	0          	0          	0          	0.0909329  	0.107836   	0.00774024 	0.00773932 	0          	0          	0          	0          	0          	0          	0          	0          	1.84306	-nan	-nan	-9.80959e-05	9.74976e-05	0.999995   	0.949927   	0.0909329  	0.107836   	0.00774024 	0.00773932 	1.84306	
4e-12      	7.6        	0.000158605	-0.000158685	0.999994   	0.948663   	0          	0          	0          	0          	0          	0          	0          	0          	0.14382    	0.13414    	0.00670868 	0.00671484 	0          	0          	0          	0          	0          	0          	0          	0          	1.51804	-nan	-nan	0.000158605	-0.000158685	0.999994   	0.948663   	0.14382    	0.13414    	0.00670868 	0.00671484 	1.51804	
5e-12      	7.4        	-8.62358e-05	9.87589e-05	0.999994   	0.947229   	0          	0          	0          	0          	0          	0          	0          	0          	0.122272   	0.120902   	0.00631023 	0.00631128 	0          	0          	0          	0          	0          	0          	0          	0          	1.3556	-nan	-nan	-8.62358e-05	9.87589e-05	0.999994   	0.947229   	0.122272   	0.120902   	0.00631023 	0.00631128 	1.3556	
6e-12      	7.2        	0.000100667	0.000370649	0.999995   	0.945792   	0          	0          	0          	0          	0          	0          	0          	0          	0.108194   	0.111545   	0.00728947 	0.00729586 	0          	0          	0          	0          	0          	0          	0          	0          	1.48462	-nan	-nan	0.000100667	0.000370649	0.999995   	0.945792   	0.108194   	0.111545   	0.00728947 	0.00729586 	1.48462	
7e-12      	7          	-0.000335369	0.000180881	0.999994   	0.9443     	0          	0          	0          	0          	0          	0          	0          	0          	0.129943   	0.118191   	0.00801331 	0.00799834 	0          	0          	0          	0          	0          	0          	0          	0          	1.54517	-nan	-nan	-0.000335369	0.000180881	0.999994   	0.9443     	0.129943   	0.118191   	0.00801331 	0.00799834 	1.54517	
8e-12      	6.8        	0.000584144	0.000359672	0.999993   	0.942743   	0          	0          	0          	0          	0          	0          	0          	0          	0.14503    	0.134546   	0.00736199 	0.00735187 	0          	0          	0          	0          	0          	0          	0          	0          	1.34145	-nan	-nan	0.000584144	0.000359672	0.999993   	0.942743   	0.14503    	0.134546   	0.00736199 	0.00735187 	1.34145	
9e-12      	6.6        	0.000136373	0.000418666	0.999992   	0.94101    	0          	0          	0          	0          	0          	0          	0          	0          	0.150544   	0.164972   	0.00892498 	0.00892794 	0          	0          	0          	0          	0          	0          	0          	0          	1.53428	-nan	-nan	0.000136373	0.000418666	0.999992   	0.94101    	0.150544   	0.164972   	0.00892498 	0.00892794 	1.53428	
1e-11      	6.4        	0.000341442	0.000289411	0.999994   	0.939282   	0          	0          	0          	0          	0          	0          	0          	0          	0.130268   	0.131325   	0.00869519 	0.00869672 	0          	0          	0          	0          	0          	0          	0          	0          	1.40826	-nan	-nan	0.000341442	0.000289411	0.999994   	0.939282   	0.130268   	0.131325   	0.00869519 	0.00869672 	1.40826	
1.1e-11    	6.2        	-0.000100909	-0.00038513	0.999993   	0.937325   	0          	0          	0          	0          	0          	0          	0          	0          	0.154438   	0.152001   	0.00792375 	0.00792875 	0          	0          	0          	0          	0          	0          	0          	0          	1.20641	-nan	-nan	-0.000100909	-0.00038513	0.999993   	0.937325   	0.154438   	0.152001   	0.00792375 	0.00792875 	1.20641	
1.2e-11    	6          	3.44252e-05	0.000485796	0.999993   	0.935393   	0          	0          	0          	0          	0          	0          	0          	0          	0.160862   	0.139909   	0.00947136 	0.00946082 	0          	0          	0          	0          	0          	0          	0          	0          	1.35272	-nan	-nan	3.44252e-05	0.000485796	0.999993   	0.935393   	0.160862   	0.139909   	0.00947136 	0.00946082 	1.35272	
1.3e-11    	5.8        	0.000538334	0.000411718	0.999993   	0.933231   	0          	0          	0          	0          	0          	0          	0          	0          	0.158326   	0.143769   	0.0112323  	0.011203   	0          	0          	0          	0          	0          	0          	0          	0          	1.50298	-nan	-nan	0.000538334	0.000411718	0.999993   	0.933231   	0.158326   	0.143769   	0.0112323  	0.011203   	1.50298	
1.4e-11    	5.6        	7.07381e-05	0.000349313	0.999992   	0.93087    	0          	0          	0          	0          	0          	0          	0          	0          	0.148328   	0.164321   	0.012877   	0.0128726  	0          	0          	0          	0          	0          	0          	0          	0          	1.60862	-nan	-nan	7.07381e-05	0.000349313	0.999992   	0.93087    	0.148328   	0.164321   	0.012877   	0.0128726  	1.60862	
1.5e-11    	5.4        	-0.000190471	-0.000110639	0.999992   	0.928404   	0          	0          	0          	0          	0          	0          	0          	0          	0.135056   	0.189595   	0.0119501  	0.0119654  	0          	0          	0          	0          	0          	0          	0          	0          	1.39209	-nan	-nan	-0.000190471	-0.000110639	0.999992   	0.928404   	0.135056   	0.189595   	0.0119501  	0.0119654  	1.39209	
1.6e-11    	5.2        	-0.000378184	0.000193924	0.999992   	0.925624   	0          	0          	0          	0          	0          	0          	0          	0          	0.13296    	0.179263   	0.0134762  	0.0134708  	0          	0          	0          	0          	0          	0          	0          	0          	1.45828	-nan	-nan	-0.000378184	0.000193924	0.999992   	0.925624   	0.13296    	0.179263   	0.0134762  	0.0134708  	1.45828	
1.7e-11    	5          	0.000290266	-0.000238323	0.999991   	0.92285    	0          	0          	0          	0          	0          	0          	0          	0          	0.185199   	0.160197   	0.0151426  	0.015135   	0          	0          	0          	0          	0          	0          	0          	0          	1.51882	-nan	-nan	0.000290266	-0.000238323	0.999991   	0.92285    	0.185199   	0.160197   	0.0151426  	0.015135   	1.51882	
1.8e-11    	4.8        	-0.000471272	4.26152e-05	0.999991   	0.919635   	0          	0          	0          	0          	0          	0          	0          	0          	0.168688   	0.175861   	0.0151723  	0.0151819  	0          	0          	0          	0          	0          	0          	0          	0          	1.40563	-nan	-nan	-0.000471272	4.26152e-05	0.999991   	0.919635   	0.168688   	0.175861   	0.0151723  	0.0151819  	1.40563	
1.9e-11    	4.6        	-0.000145174	-9.89572e-05	0.999989   	0.916347   	0          	0          	0          	0          	0          	0          	0          	0          	0.25145    	0.191462   	0.0175437  	0.0175552  	0          	0          	0          	0          	0          	0          	0          	0          	1.49854	-nan	-nan	-0.000145174	-9.89572e-05	0.999989   	0.916347   	0.25145    	0.191462   	0.0175437  	0.0175552  	1.49854	
2e-11      	4.4        	-1.83502e-05	0.000479439	0.99999    	0.912575   	0          	0          	0          	0          	0          	0          	0          	0          	0.187075   	0.200672   	0.0195739  	0.0196003  	0          	0          	0          	0          	0          	0          	0          	0          	1.5333	-nan	-nan	-1.83502e-05	0.000479439	0.99999    	0.912575   	0.187075   	0.200672   	0.0195739  	0.0196003  	1.5333	
2.1e-11    	4.2        	0.000230678	7.84863e-07	0.999989   	0.908622   	0          	0          	0          	0          	0          	0          	0          	0          	0.214004   	0.206367   	0.0206884  	0.020676   	0          	0          	0          	0          	0          	0          	0          	0          	1.48053	-nan	-nan	0.000230678	7.84863e-07	0.999989   	0.908622   	0.214004   	0.206367   	0.0206884  	0.020676   	1.48053	
2.2e-11    	4          	-0.000109892	-0.000318011	0.999989   	0.904151   	0          	0          	0          	0          	0          	0          	0          	0          	0.217486   	0.20604    	0.0227063  	0.0227331  	0          	0          	0          	0          	0          	0          	0          	0          	1.47934	-nan	-nan	-0.000109892	-0.000318011	0.999989   	0.904151   	0.217486   	0.20604    	0.0227063  	0.0227331  	1.47934	
2.3e-11    	3.8        	-0.000263036	0.000165087	0.999989   	0.899302   	0          	0          	0          	0          	0          	0          	0          	0          	0.209981   	0.221613   	0.0216379  	0.021568   	0          	0          	0          	0          	0          	0          	0          	0          	1.27837	-nan	-nan	-0.000263036	0.000165087	0.999989   	0.899302   	0.209981   	0.221613   	0.0216379  	0.021568   	1.27837	
2.4e-11    	3.6        	-3.8743e-05	0.000553126	0.999988   	0.893845   	0          	0          	0          	0          	0          	0          	0          	0          	0.226102   	0.235442   	0.0264797  	0.0264744  	0          	0          	0          	0          	0          	0          	0          	0          	1.41036	-nan	-nan	-3.8743e-05	0.000553126	0.999988   	0.893845   	0.226102   	0.235442   	0.0264797  	0.0264744  	1.41036	
2.5e-11    	3.4        	-0.00043422	0.000151512	0.999987   	0.888129   	0          	0          	0          	0          	0          	0          	0          	0          	0.221027   	0.277054   	0.035081   	0.0350772  	0          	0          	0          	0          	0          	0          	0          	0          	1.67223	-nan	-nan	-0.00043422	0.000151512	0.999987   	0.888129   	0.221027   	0.277054   	0.035081   	0.0350772  	1.67223	
2.6e-11    	3.2        	5.08394e-05	-0.000240127	0.999987   	0.881357   	0          	0          	0          	0          	0          	0          	0          	0          	0.219015   	0.275904   	0.0374258  	0.037422   	0          	0          	0          	0          	0          	0          	0          	0          	1.58682	-nan	-nan	5.08394e-05	-0.000240127	0.999987   	0.881357   	0.219015   	0.275904   	0.0374258  	0.037422   	1.58682	
2.7e-11    	3          	0.000201352	0.000225207	0.999985   	0.873513   	0          	0          	0          	0          	0          	0          	0          	0          	0.271413   	0.268377   	0.0450286  	0.0449676  	0          	0          	0          	0          	0          	0          	0          	0          	1.68734	-nan	-nan	0.000201352	0.000225207	0.999985   	0.873513   	0.271413   	0.268377   	0.0450286  	0.0449676  	1.68734	
2.8e-11    	2.8        	0.000263215	0.000540366	0.999984   	0.865128   	0          	0          	0          	0          	0          	0          	0          	0          	0.29465    	0.280213   	0.0436482  	0.0437157  	0          	0          	0          	0          	0          	0          	0          	0          	1.42997	-nan	-nan	0.000263215	0.000540366	0.999984   	0.865128   	0.29465    	0.280213   	0.0436482  	0.0437157  	1.42997	
2.9e-11    	2.6        	0.000561381	-0.000357839	0.999982   	0.855034   	0          	0          	0          	0          	0          	0          	0          	0          	0.312269   	0.319632   	0.0573323  	0.0574744  	0          	0          	0          	0          	0          	0          	0          	0          	1.63423	-nan	-nan	0.000561381	-0.000357839	0.999982   	0.855034   	0.312269   	0.319632   	0.0573323  	0.0574744  	1.63423	
3e-11      	2.4        	8.42769e-05	0.000352671	0.999983   	0.843409   	0          	0          	0          	0          	0          	0          	0          	0          	0.269834   	0.302535   	0.066154   	0.0661987  	0          	0          	0          	0          	0          	0          	0          	0          	1.61179	-nan	-nan	8.42769e-05	0.000352671	0.999983   	0.843409   	0.269834   	0.302535   	0.066154   	0.0661987  	1.61179	
3.1e-11    	2.2        	-0.000448972	-0.000145775	0.999977   	0.829696   	0          	0          	0          	0          	0          	0          	0          	0          	0.379984   	0.376637   	0.0930096  	0.0930228  	0          	0          	0          	0          	0          	0          	0          	0          	1.91668	-nan	-nan	-0.000448972	-0.000145775	0.999977   	0.829696   	0.379984   	0.376637   	0.0930096  	0.0930228  	1.91668	
3.2e-11    	2          	0.000286883	-2.96151e-05	0.999976   	0.81314    	0          	0          	0          	0          	0          	0          	0          	0          	0.324156   	0.428604   	0.101957   	0.102083   	0          	0          	0          	0          	0          	0          	0          	0          	1.74009	-nan	-nan	0.000286883	-2.96151e-05	0.999976   	0.81314    	0.324156   	0.428604   	0.101957   	0.102083   	1.74009	
3.3e-11    	1.8        	0.000265026	0.000260506	0.999973   	0.793528   	0          	0          	0          	0          	0          	0          	0          	0          	0.379578   	0.429879   	0.126732   	0.126734   	0          	0          	0          	0          	0          	0          	0          	0          	1.76285	-nan	-nan	0.000265026	0.000260506	0.999973   	0.793528   	0.379578   	0.429879   	0.126732   	0.126734   	1.76285	
3.4e-11    	1.6        	0.000148339	-0.000926341	0.999971   	0.768164   	0          	0          	0          	0          	0          	0          	0          	0          	0.391538   	0.426009   	0.141583   	0.141824   	0          	0          	0          	0          	0          	0          	0          	0          	1.5713	-nan	-nan	0.000148339	-0.000926341	0.999971   	0.768164   	0.391538   	0.426009   	0.141583   	0.141824   	1.5713	
3.5e-11    	1.4        	8.01195e-05	-0.000804642	0.999961   	0.735879   	0          	0          	0          	0          	0          	0          	0          	0          	0.500314   	0.488248   	0.203367   	0.203643   	0          	0          	0          	0          	0          	0          	0          	0          	1.72776	-nan	-nan	8.01195e-05	-0.000804642	0.999961   	0.735879   	0.500314   	0.488248   	0.203367   	0.203643   	1.72776	
3.6e-11    	1.2        	-4.30794e-05	-0.000108791	0.999952   	0.694378   	0          	0          	0          	0          	0          	0          	0          	0          	0.540897   	0.553553   	0.316315   	0.316141   	0          	0          	0          	0          	0          	0          	0          	0          	1.98682	-nan	-nan	-4.30794e-05	-0.000108791	0.999952   	0.694378   	0.540897   	0.553553   	0.316315   	0.316141   	1.98682	
3.7e-11    	1          	-0.000815084	-0.000544101	0.99994    	0.638579   	0          	0          	0          	0          	0          	0          	0          	0          	0.59049    	0.576647   	0.396103   	0.396077   	0          	0          	0          	0          	0          	0          	0          	0          	1.71677	-nan	-nan	-0.000815084	-0.000544101	0.99994    	0.638579   	0.59049    	0.576647   	0.396103   	0.396077   	1.71677	
3.8e-11    	0.8        	0.0016624  	0.000607902	0.999919   	0.564457   	0          	0          	0          	0          	0          	0          	0          	0          	0.60991    	0.600873   	0.653307   	0.652556   	0          	0          	0          	0          	0          	0          	0          	0          	1.83019	-nan	-nan	0.0016624  	0.000607902	0.999919   	0.564457   	0.60991    	0.600873   	0.653307   	0.652556   	1.83019	
3.9e-11    	0.6        	9.61689e-05	0.000126949	0.999867   	0.46408    	0          	0          	0          	0          	0          	0          	0          	0          	0.695857   	0.676092   	0.729641   	0.729717   	0          	0          	0          	0          	0          	0          	0          	0          	1.16286	-nan	-nan	9.61689e-05	0.000126949	0.999867   	0.46408    	0.695857   	0.676092   	0.729641   	0.729717   	1.16286	
4e-11      	0.4        	0.000343746	0.000393944	0.999733   	0.334856   	0          	0          	0          	0          	0          	0          	0          	0          	0.684261   	0.741772   	0.955462   	0.953824   	0          	0          	0          	0          	0          	0          	0          	0          	0.68606	-nan	-nan	0.000343746	0.000393944	0.999733   	0.334856   	0.684261   	0.741772   	0.955462   	0.953824   	0.68606	
4.1e-11    	0.2        	-0.000804261	0.00114722 	0.998911   	0.17657    	0          	0          	0          	0          	0          	0          	0          	0          	0.822568   	0.783578   	1.06704    	1.06087    	0          	0          	0          	0          	0          	0          	0          	0          	0.195734	-nan	-nan	-0.000804261	0.00114722 	0.998911   	0.17657    	0.822568   	0.783578   	1.06704    	1.06087    	0.195734	
4.2e-11    	-0         	0.0117572  	-0.0141506 	0.0376567  	0.00953904 	0          	0          	0          	0          	0          	0          	0          	0          	0.879206   	0.754244   	1.02679    	0.493815   	0          	0          	0          	0          	0          	0          	0          	0          	0.0128855	-nan	-nan	0.0117572  	-0.0141506 	0.0376567  	0.00953904 	0.879206   	0.754244   	1.02679    	0.493815   	0.0128855	
