#----------------------------------------------------------------------------------------------------------------------------------------------------------
# Output file for vampire simulation
#   time       : 2025-10-19 20:02:09     process id : 85972
#   hostname   : 53a6091906e1
#   path       : /content/drive/MyDrive/Colab Notebooks/vampire phase diagram
#   version    : 7.0.0
#   githash    : 525bc27ee44c525aee229570f30f3d4c61d54f66
#----------------------------------------------------------------------------------------------------------------------------------------------------------
2e-12      	8          	-0.000461673	-0.000109638	0.999996   	0.96714    	0          	0          	0          	0          	0          	0          	0          	0          	0.136614   	0.116909   	54.4543    	54.4449    	0          	0          	0          	0          	0          	0          	0          	0          	22488.4	-nan	-nan	-0.000461673	-0.000109638	0.999996   	0.96714    	0.136614   	0.116909   	54.4543    	54.4449    	22488.4	
3e-12      	7.8        	8.83604e-05	0.000536171	0.999997   	0.970352   	0          	0          	0          	0          	0          	0          	0          	0          	0.121089   	0.131259   	0.00369175 	0.00369777 	0          	0          	0          	0          	0          	0          	0          	0          	1.48652	-nan	-nan	8.83604e-05	0.000536171	0.999997   	0.970352   	0.121089   	0.131259   	0.00369175 	0.00369777 	1.48652	
4e-12      	7.6        	-0.000134841	6.19628e-05	0.999997   	0.969499   	0          	0          	0          	0          	0          	0          	0          	0          	0.137443   	0.105061   	0.00385755 	0.00385683 	0          	0          	0          	0          	0          	0          	0          	0          	1.47696	-nan	-nan	-0.000134841	6.19628e-05	0.999997   	0.969499   	0.137443   	0.105061   	0.00385755 	0.00385683 	1.47696	
5e-12      	7.4        	-0.000234821	2.27044e-05	0.999996   	0.968741   	0          	0          	0          	0          	0          	0          	0          	0          	0.12466    	0.147937   	0.00394874 	0.00394279 	0          	0          	0          	0          	0          	0          	0          	0          	1.43576	-nan	-nan	-0.000234821	2.27044e-05	0.999996   	0.968741   	0.12466    	0.147937   	0.00394874 	0.00394279 	1.43576	
6e-12      	7.2        	-0.00023777	5.34133e-05	0.999997   	0.967908   	0          	0          	0          	0          	0          	0          	0          	0          	0.107305   	0.121518   	0.00389461 	0.00388894 	0          	0          	0          	0          	0          	0          	0          	0          	1.34234	-nan	-nan	-0.00023777	5.34133e-05	0.999997   	0.967908   	0.107305   	0.121518   	0.00389461 	0.00388894 	1.34234	
7e-12      	7          	-0.000134495	0.000227778	0.999996   	0.96707    	0          	0          	0          	0          	0          	0          	0          	0          	0.1484     	0.139345   	0.00474529 	0.0047386  	0          	0          	0          	0          	0          	0          	0          	0          	1.54871	-nan	-nan	-0.000134495	0.000227778	0.999996   	0.96707    	0.1484     	0.139345   	0.00474529 	0.0047386  	1.54871	
8e-12      	6.8        	-0.000217011	-0.00015776	0.999997   	0.966115   	0          	0          	0          	0          	0          	0          	0          	0          	0.131587   	0.111883   	0.00409766 	0.00409711 	0          	0          	0          	0          	0          	0          	0          	0          	1.2636	-nan	-nan	-0.000217011	-0.00015776	0.999997   	0.966115   	0.131587   	0.111883   	0.00409766 	0.00409711 	1.2636	
9e-12      	6.6        	0.000148227	0.000185082	0.999996   	0.96515    	0          	0          	0          	0          	0          	0          	0          	0          	0.130055   	0.136019   	0.00562297 	0.00562557 	0          	0          	0          	0          	0          	0          	0          	0          	1.63708	-nan	-nan	0.000148227	0.000185082	0.999996   	0.96515    	0.130055   	0.136019   	0.00562297 	0.00562557 	1.63708	
1e-11      	6.4        	5.2205e-05 	-0.00013627	0.999996   	0.964069   	0          	0          	0          	0          	0          	0          	0          	0          	0.141976   	0.148886   	0.00608451 	0.00608407 	0          	0          	0          	0          	0          	0          	0          	0          	1.66825	-nan	-nan	5.2205e-05 	-0.00013627	0.999996   	0.964069   	0.141976   	0.148886   	0.00608451 	0.00608407 	1.66825	
1.1e-11    	6.2        	5.46313e-05	-5.63239e-05	0.999996   	0.962885   	0          	0          	0          	0          	0          	0          	0          	0          	0.154088   	0.127213   	0.00545177 	0.00545501 	0          	0          	0          	0          	0          	0          	0          	0          	1.40614	-nan	-nan	5.46313e-05	-5.63239e-05	0.999996   	0.962885   	0.154088   	0.127213   	0.00545177 	0.00545501 	1.40614	
1.2e-11    	6          	0.000288919	0.000187407	0.999996   	0.961708   	0          	0          	0          	0          	0          	0          	0          	0          	0.173616   	0.148448   	0.00623522 	0.00623259 	0          	0          	0          	0          	0          	0          	0          	0          	1.50952	-nan	-nan	0.000288919	0.000187407	0.999996   	0.961708   	0.173616   	0.148448   	0.00623522 	0.00623259 	1.50952	
1.3e-11    	5.8        	0.000103756	0.000540485	0.999996   	0.960456   	0          	0          	0          	0          	0          	0          	0          	0          	0.139376   	0.146266   	0.006238   	0.006232   	0          	0          	0          	0          	0          	0          	0          	0          	1.41388	-nan	-nan	0.000103756	0.000540485	0.999996   	0.960456   	0.139376   	0.146266   	0.006238   	0.006232   	1.41388	
1.4e-11    	5.6        	0.000134389	0.000155083	0.999996   	0.959064   	0          	0          	0          	0          	0          	0          	0          	0          	0.169625   	0.155954   	0.00698901 	0.00699547 	0          	0          	0          	0          	0          	0          	0          	0          	1.48069	-nan	-nan	0.000134389	0.000155083	0.999996   	0.959064   	0.169625   	0.155954   	0.00698901 	0.00699547 	1.48069	
1.5e-11    	5.4        	-0.00014748	-0.000132435	0.999996   	0.957661   	0          	0          	0          	0          	0          	0          	0          	0          	0.189237   	0.135406   	0.00776154 	0.00776986 	0          	0          	0          	0          	0          	0          	0          	0          	1.53311	-nan	-nan	-0.00014748	-0.000132435	0.999996   	0.957661   	0.189237   	0.135406   	0.00776154 	0.00776986 	1.53311	
1.6e-11    	5.2        	-0.000131522	0.000300906	0.999995   	0.956049   	0          	0          	0          	0          	0          	0          	0          	0          	0.178105   	0.174195   	0.00723222 	0.00722806 	0          	0          	0          	0          	0          	0          	0          	0          	1.32854	-nan	-nan	-0.000131522	0.000300906	0.999995   	0.956049   	0.178105   	0.174195   	0.00723222 	0.00722806 	1.32854	
1.7e-11    	5          	2.87036e-05	-0.000158498	0.999995   	0.954339   	0          	0          	0          	0          	0          	0          	0          	0          	0.199699   	0.189537   	0.00880473 	0.00881844 	0          	0          	0          	0          	0          	0          	0          	0          	1.49898	-nan	-nan	2.87036e-05	-0.000158498	0.999995   	0.954339   	0.199699   	0.189537   	0.00880473 	0.00881844 	1.49898	
1.8e-11    	4.8        	-0.000311058	-0.000138114	0.999994   	0.952521   	0          	0          	0          	0          	0          	0          	0          	0          	0.238236   	0.17739    	0.0104186  	0.0104131  	0          	0          	0          	0          	0          	0          	0          	0          	1.63974	-nan	-nan	-0.000311058	-0.000138114	0.999994   	0.952521   	0.238236   	0.17739    	0.0104186  	0.0104131  	1.63974	
1.9e-11    	4.6        	0.000551961	-0.000443015	0.999994   	0.950526   	0          	0          	0          	0          	0          	0          	0          	0          	0.221262   	0.196357   	0.00969431 	0.00969722 	0          	0          	0          	0          	0          	0          	0          	0          	1.40642	-nan	-nan	0.000551961	-0.000443015	0.999994   	0.950526   	0.221262   	0.196357   	0.00969431 	0.00969722 	1.40642	
2e-11      	4.4        	-0.000431323	0.000150642	0.999994   	0.948422   	0          	0          	0          	0          	0          	0          	0          	0          	0.195051   	0.201866   	0.0114174  	0.011424   	0          	0          	0          	0          	0          	0          	0          	0          	1.52167	-nan	-nan	-0.000431323	0.000150642	0.999994   	0.948422   	0.195051   	0.201866   	0.0114174  	0.011424   	1.52167	
2.1e-11    	4.2        	0.000338072	-0.000126745	0.999994   	0.946153   	0          	0          	0          	0          	0          	0          	0          	0          	0.219734   	0.201857   	0.0119444  	0.0119329  	0          	0          	0          	0          	0          	0          	0          	0          	1.45524	-nan	-nan	0.000338072	-0.000126745	0.999994   	0.946153   	0.219734   	0.201857   	0.0119444  	0.0119329  	1.45524	
2.2e-11    	4          	-4.82488e-05	7.87865e-05	0.999993   	0.94339    	0          	0          	0          	0          	0          	0          	0          	0          	0.256562   	0.241453   	0.0127111  	0.0127093  	0          	0          	0          	0          	0          	0          	0          	0          	1.41062	-nan	-nan	-4.82488e-05	7.87865e-05	0.999993   	0.94339    	0.256562   	0.241453   	0.0127111  	0.0127093  	1.41062	
2.3e-11    	3.8        	-0.000141824	-0.000615829	0.999993   	0.940723   	0          	0          	0          	0          	0          	0          	0          	0          	0.264043   	0.219436   	0.0152025  	0.0151702  	0          	0          	0          	0          	0          	0          	0          	0          	1.52937	-nan	-nan	-0.000141824	-0.000615829	0.999993   	0.940723   	0.264043   	0.219436   	0.0152025  	0.0151702  	1.52937	
2.4e-11    	3.6        	0.000279218	-0.000263587	0.999993   	0.93747    	0          	0          	0          	0          	0          	0          	0          	0          	0.279988   	0.198873   	0.0162577  	0.016273   	0          	0          	0          	0          	0          	0          	0          	0          	1.4776	-nan	-nan	0.000279218	-0.000263587	0.999993   	0.93747    	0.279988   	0.198873   	0.0162577  	0.016273   	1.4776	
2.5e-11    	3.4        	4.68915e-05	-0.000364645	0.999993   	0.933996   	0          	0          	0          	0          	0          	0          	0          	0          	0.239756   	0.252538   	0.0237102  	0.0237147  	0          	0          	0          	0          	0          	0          	0          	0          	1.93033	-nan	-nan	4.68915e-05	-0.000364645	0.999993   	0.933996   	0.239756   	0.252538   	0.0237102  	0.0237147  	1.93033	
2.6e-11    	3.2        	-0.000325816	0.000225111	0.999991   	0.930121   	0          	0          	0          	0          	0          	0          	0          	0          	0.289791   	0.30569    	0.0229657  	0.0230007  	0          	0          	0          	0          	0          	0          	0          	0          	1.66659	-nan	-nan	-0.000325816	0.000225111	0.999991   	0.930121   	0.289791   	0.30569    	0.0229657  	0.0230007  	1.66659	
2.7e-11    	3          	-4.15399e-06	0.000469184	0.999991   	0.92572    	0          	0          	0          	0          	0          	0          	0          	0          	0.324817   	0.263034   	0.0243106  	0.0243127  	0          	0          	0          	0          	0          	0          	0          	0          	1.56046	-nan	-nan	-4.15399e-06	0.000469184	0.999991   	0.92572    	0.324817   	0.263034   	0.0243106  	0.0243127  	1.56046	
2.8e-11    	2.8        	0.00011379 	0.000168205	0.999992   	0.920708   	0          	0          	0          	0          	0          	0          	0          	0          	0.28075    	0.281468   	0.027287   	0.0273116  	0          	0          	0          	0          	0          	0          	0          	0          	1.53761	-nan	-nan	0.00011379 	0.000168205	0.999992   	0.920708   	0.28075    	0.281468   	0.027287   	0.0273116  	1.53761	
2.9e-11    	2.6        	0.000716027	-0.00017095	0.99999    	0.914908   	0          	0          	0          	0          	0          	0          	0          	0          	0.301276   	0.331085   	0.0314645  	0.0314112  	0          	0          	0          	0          	0          	0          	0          	0          	1.54442	-nan	-nan	0.000716027	-0.00017095	0.99999    	0.914908   	0.301276   	0.331085   	0.0314645  	0.0314112  	1.54442	
3e-11      	2.4        	0.0002385  	-2.95288e-05	0.999989   	0.908279   	0          	0          	0          	0          	0          	0          	0          	0          	0.356048   	0.370142   	0.0359932  	0.0359489  	0          	0          	0          	0          	0          	0          	0          	0          	1.51888	-nan	-nan	0.0002385  	-2.95288e-05	0.999989   	0.908279   	0.356048   	0.370142   	0.0359932  	0.0359489  	1.51888	
3.1e-11    	2.2        	-0.000611029	-0.000176636	0.999988   	0.900239   	0          	0          	0          	0          	0          	0          	0          	0          	0.372522   	0.366236   	0.0474341  	0.0473948  	0          	0          	0          	0          	0          	0          	0          	0          	1.69716	-nan	-nan	-0.000611029	-0.000176636	0.999988   	0.900239   	0.372522   	0.366236   	0.0474341  	0.0473948  	1.69716	
3.2e-11    	2          	6.72298e-05	-0.000397905	0.999986   	0.891129   	0          	0          	0          	0          	0          	0          	0          	0          	0.454956   	0.41559    	0.0667797  	0.0667309  	0          	0          	0          	0          	0          	0          	0          	0          	1.99723	-nan	-nan	6.72298e-05	-0.000397905	0.999986   	0.891129   	0.454956   	0.41559    	0.0667797  	0.0667309  	1.99723	
3.3e-11    	1.8        	0.000203942	0.000318974	0.999988   	0.879937   	0          	0          	0          	0          	0          	0          	0          	0          	0.416041   	0.35762    	0.0791029  	0.0791264  	0          	0          	0          	0          	0          	0          	0          	0          	1.94601	-nan	-nan	0.000203942	0.000318974	0.999988   	0.879937   	0.416041   	0.35762    	0.0791029  	0.0791264  	1.94601	
3.4e-11    	1.6        	-5.8625e-05	-2.04775e-05	0.999983   	0.86609    	0          	0          	0          	0          	0          	0          	0          	0          	0.462889   	0.53552    	0.0858064  	0.0858886  	0          	0          	0          	0          	0          	0          	0          	0          	1.69036	-nan	-nan	-5.8625e-05	-2.04775e-05	0.999983   	0.86609    	0.462889   	0.53552    	0.0858064  	0.0858886  	1.69036	
3.5e-11    	1.4        	-0.000250781	-0.000512329	0.999982   	0.848044   	0          	0          	0          	0          	0          	0          	0          	0          	0.535576   	0.497478   	0.141656   	0.141686   	0          	0          	0          	0          	0          	0          	0          	0          	2.15781	-nan	-nan	-0.000250781	-0.000512329	0.999982   	0.848044   	0.535576   	0.497478   	0.141656   	0.141686   	2.15781	
3.6e-11    	1.2        	0.000240132	-0.000524993	0.999978   	0.824093   	0          	0          	0          	0          	0          	0          	0          	0          	0.598827   	0.601331   	0.174039   	0.174048   	0          	0          	0          	0          	0          	0          	0          	0          	1.98889	-nan	-nan	0.000240132	-0.000524993	0.999978   	0.824093   	0.598827   	0.601331   	0.174039   	0.174048   	1.98889	
3.7e-11    	1          	-0.000910248	0.000478745	0.999969   	0.790876   	0          	0          	0          	0          	0          	0          	0          	0          	0.824221   	0.733504   	0.288209   	0.288138   	0          	0          	0          	0          	0          	0          	0          	0          	2.32558	-nan	-nan	-0.000910248	0.000478745	0.999969   	0.790876   	0.824221   	0.733504   	0.288209   	0.288138   	2.32558	
3.8e-11    	0.8        	0.000443358	0.000565332	0.999965   	0.741257   	0          	0          	0          	0          	0          	0          	0          	0          	0.797044   	0.751345   	0.535385   	0.534825   	0          	0          	0          	0          	0          	0          	0          	0          	2.79761	-nan	-nan	0.000443358	0.000565332	0.999965   	0.741257   	0.797044   	0.751345   	0.535385   	0.534825   	2.79761	
3.9e-11    	0.6        	0.000144529	-0.000642214	0.999949   	0.661203   	0          	0          	0          	0          	0          	0          	0          	0          	0.844437   	0.9584     	0.939261   	0.939056   	0          	0          	0          	0          	0          	0          	0          	0          	2.78791	-nan	-nan	0.000144529	-0.000642214	0.999949   	0.661203   	0.844437   	0.9584     	0.939261   	0.939056   	2.78791	
4e-11      	0.4        	0.000171863	0.000330501	0.999907   	0.525005   	0          	0          	0          	0          	0          	0          	0          	0          	0.970746   	1.08569    	1.82789    	1.82831    	0          	0          	0          	0          	0          	0          	0          	0          	2.48848	-nan	-nan	0.000171863	0.000330501	0.999907   	0.525005   	0.970746   	1.08569    	1.82789    	1.82831    	2.48848	
4.1e-11    	0.2        	-0.00113789	0.00199908 	0.999664   	0.301601   	0          	0          	0          	0          	0          	0          	0          	0          	1.28319    	1.1572     	2.50845    	2.50816    	0          	0          	0          	0          	0          	0          	0          	0          	0.919786	-nan	-nan	-0.00113789	0.00199908 	0.999664   	0.301601   	1.28319    	1.1572     	2.50845    	2.50816    	0.919786	
4.2e-11    	-0         	-0.0355324 	-0.0534546 	-0.0184286 	0.0097321  	0          	0          	0          	0          	0          	0          	0          	0          	1.294      	1.25498    	2.6423     	1.3883     	0          	0          	0          	0          	0          	0          	0          	0          	0.0381982	-nan	-nan	-0.0355324 	-0.0534546 	-0.0184286 	0.0097321  	1.294      	1.25498    	2.6423     	1.3883     	0.0381982	
