#----------------------------------------------------------------------------------------------------------------------------------------------------------
# Output file for vampire simulation
#   time       : 2025-10-19 20:07:27     process id : 87258
#   hostname   : 53a6091906e1
#   path       : /content/drive/MyDrive/Colab Notebooks/vampire phase diagram
#   version    : 7.0.0
#   githash    : 525bc27ee44c525aee229570f30f3d4c61d54f66
#----------------------------------------------------------------------------------------------------------------------------------------------------------
2e-12      	8          	-0.000127272	-0.000354346	0.999996   	0.961771   	0          	0          	0          	0          	0          	0          	0          	0          	0.130289   	0.112214   	45.3328    	45.3245    	0          	0          	0          	0          	0          	0          	0          	0          	15756.6	-nan	-nan	-0.000127272	-0.000354346	0.999996   	0.961771   	0.130289   	0.112214   	45.3328    	45.3245    	15756.6	
3e-12      	7.8        	-5.33287e-05	-0.000150584	0.999997   	0.964842   	0          	0          	0          	0          	0          	0          	0          	0          	0.0974671  	0.0974816  	0.00401974 	0.00402218 	0          	0          	0          	0          	0          	0          	0          	0          	1.3626	-nan	-nan	-5.33287e-05	-0.000150584	0.999997   	0.964842   	0.0974671  	0.0974816  	0.00401974 	0.00402218 	1.3626	
4e-12      	7.6        	7.73925e-05	-0.000208015	0.999996   	0.963813   	0          	0          	0          	0          	0          	0          	0          	0          	0.10712    	0.116771   	0.0045918  	0.00458697 	0          	0          	0          	0          	0          	0          	0          	0          	1.47967	-nan	-nan	7.73925e-05	-0.000208015	0.999996   	0.963813   	0.10712    	0.116771   	0.0045918  	0.00458697 	1.47967	
5e-12      	7.4        	-0.000318407	0.000250057	0.999996   	0.962883   	0          	0          	0          	0          	0          	0          	0          	0          	0.124544   	0.109906   	0.00386413 	0.00385506 	0          	0          	0          	0          	0          	0          	0          	0          	1.18212	-nan	-nan	-0.000318407	0.000250057	0.999996   	0.962883   	0.124544   	0.109906   	0.00386413 	0.00385506 	1.18212	
6e-12      	7.2        	9.34163e-06	-0.000190466	0.999996   	0.961921   	0          	0          	0          	0          	0          	0          	0          	0          	0.118919   	0.154556   	0.0052427  	0.00522266 	0          	0          	0          	0          	0          	0          	0          	0          	1.52054	-nan	-nan	9.34163e-06	-0.000190466	0.999996   	0.961921   	0.118919   	0.154556   	0.0052427  	0.00522266 	1.52054	
7e-12      	7          	0.000240488	-4.09285e-05	0.999996   	0.960858   	0          	0          	0          	0          	0          	0          	0          	0          	0.118263   	0.1408     	0.00540799 	0.00542245 	0          	0          	0          	0          	0          	0          	0          	0          	1.48484	-nan	-nan	0.000240488	-4.09285e-05	0.999996   	0.960858   	0.118263   	0.1408     	0.00540799 	0.00542245 	1.48484	
8e-12      	6.8        	0.000322212	3.2369e-06 	0.999996   	0.959755   	0          	0          	0          	0          	0          	0          	0          	0          	0.129273   	0.12115    	0.00568684 	0.00567357 	0          	0          	0          	0          	0          	0          	0          	0          	1.47635	-nan	-nan	0.000322212	3.2369e-06 	0.999996   	0.959755   	0.129273   	0.12115    	0.00568684 	0.00567357 	1.47635	
9e-12      	6.6        	0.000133475	0.000293404	0.999996   	0.958587   	0          	0          	0          	0          	0          	0          	0          	0          	0.126502   	0.136132   	0.00616071 	0.00615507 	0          	0          	0          	0          	0          	0          	0          	0          	1.50859	-nan	-nan	0.000133475	0.000293404	0.999996   	0.958587   	0.126502   	0.136132   	0.00616071 	0.00615507 	1.50859	
1e-11      	6.4        	0.000243359	2.34444e-05	0.999995   	0.957273   	0          	0          	0          	0          	0          	0          	0          	0          	0.146346   	0.143673   	0.00646073 	0.00646761 	0          	0          	0          	0          	0          	0          	0          	0          	1.4915	-nan	-nan	0.000243359	2.34444e-05	0.999995   	0.957273   	0.146346   	0.143673   	0.00646073 	0.00646761 	1.4915	
1.1e-11    	6.2        	-0.000117582	-2.10621e-05	0.999996   	0.955964   	0          	0          	0          	0          	0          	0          	0          	0          	0.131191   	0.139847   	0.00689688 	0.00689079 	0          	0          	0          	0          	0          	0          	0          	0          	1.49625	-nan	-nan	-0.000117582	-2.10621e-05	0.999996   	0.955964   	0.131191   	0.139847   	0.00689688 	0.00689079 	1.49625	
1.2e-11    	6          	3.65477e-05	0.000779245	0.999995   	0.954555   	0          	0          	0          	0          	0          	0          	0          	0          	0.144622   	0.139244   	0.00733186 	0.00733489 	0          	0          	0          	0          	0          	0          	0          	0          	1.49291	-nan	-nan	3.65477e-05	0.000779245	0.999995   	0.954555   	0.144622   	0.139244   	0.00733186 	0.00733489 	1.49291	
1.3e-11    	5.8        	0.000360556	-9.18984e-05	0.999995   	0.953073   	0          	0          	0          	0          	0          	0          	0          	0          	0.128685   	0.153277   	0.00787991 	0.00788191 	0          	0          	0          	0          	0          	0          	0          	0          	1.50288	-nan	-nan	0.000360556	-9.18984e-05	0.999995   	0.953073   	0.128685   	0.153277   	0.00787991 	0.00788191 	1.50288	
1.4e-11    	5.6        	0.000101033	-9.37066e-05	0.999995   	0.951331   	0          	0          	0          	0          	0          	0          	0          	0          	0.166918   	0.161481   	0.00891056 	0.00890796 	0          	0          	0          	0          	0          	0          	0          	0          	1.5876	-nan	-nan	0.000101033	-9.37066e-05	0.999995   	0.951331   	0.166918   	0.161481   	0.00891056 	0.00890796 	1.5876	
1.5e-11    	5.4        	-0.00024469	0.000111423	0.999994   	0.949716   	0          	0          	0          	0          	0          	0          	0          	0          	0.165593   	0.189171   	0.0086474  	0.0086369  	0          	0          	0          	0          	0          	0          	0          	0          	1.43655	-nan	-nan	-0.00024469	0.000111423	0.999994   	0.949716   	0.165593   	0.189171   	0.0086474  	0.0086369  	1.43655	
1.6e-11    	5.2        	-0.000160335	0.000208403	0.999995   	0.947834   	0          	0          	0          	0          	0          	0          	0          	0          	0.169132   	0.149547   	0.0107398  	0.0107517  	0          	0          	0          	0          	0          	0          	0          	0          	1.65844	-nan	-nan	-0.000160335	0.000208403	0.999995   	0.947834   	0.169132   	0.149547   	0.0107398  	0.0107517  	1.65844	
1.7e-11    	5          	0.000293465	2.62819e-06	0.999994   	0.945617   	0          	0          	0          	0          	0          	0          	0          	0          	0.193918   	0.176273   	0.0110436  	0.0110498  	0          	0          	0          	0          	0          	0          	0          	0          	1.58103	-nan	-nan	0.000293465	2.62819e-06	0.999994   	0.945617   	0.193918   	0.176273   	0.0110436  	0.0110498  	1.58103	
1.8e-11    	4.8        	0.000270522	-0.000104147	0.999994   	0.943542   	0          	0          	0          	0          	0          	0          	0          	0          	0.199799   	0.141303   	0.014152   	0.0141211  	0          	0          	0          	0          	0          	0          	0          	0          	1.87261	-nan	-nan	0.000270522	-0.000104147	0.999994   	0.943542   	0.199799   	0.141303   	0.014152   	0.0141211  	1.87261	
1.9e-11    	4.6        	0.000351704	-4.74282e-05	0.999993   	0.941262   	0          	0          	0          	0          	0          	0          	0          	0          	0.218804   	0.207567   	0.0129761  	0.0129504  	0          	0          	0          	0          	0          	0          	0          	0          	1.58222	-nan	-nan	0.000351704	-4.74282e-05	0.999993   	0.941262   	0.218804   	0.207567   	0.0129761  	0.0129504  	1.58222	
2e-11      	4.4        	2.41281e-05	-5.47645e-05	0.999993   	0.938582   	0          	0          	0          	0          	0          	0          	0          	0          	0.228663   	0.184795   	0.0155083  	0.015505   	0          	0          	0          	0          	0          	0          	0          	0          	1.73583	-nan	-nan	2.41281e-05	-5.47645e-05	0.999993   	0.938582   	0.228663   	0.184795   	0.0155083  	0.015505   	1.73583	
2.1e-11    	4.2        	7.13819e-05	4.94982e-05	0.999993   	0.935863   	0          	0          	0          	0          	0          	0          	0          	0          	0.223857   	0.218532   	0.0132004  	0.013213   	0          	0          	0          	0          	0          	0          	0          	0          	1.35095	-nan	-nan	7.13819e-05	4.94982e-05	0.999993   	0.935863   	0.223857   	0.218532   	0.0132004  	0.013213   	1.35095	
2.2e-11    	4          	2.04653e-05	-0.000409342	0.999991   	0.93276    	0          	0          	0          	0          	0          	0          	0          	0          	0.273065   	0.255605   	0.0156677  	0.0156902  	0          	0          	0          	0          	0          	0          	0          	0          	1.46257	-nan	-nan	2.04653e-05	-0.000409342	0.999991   	0.93276    	0.273065   	0.255605   	0.0156677  	0.0156902  	1.46257	
2.3e-11    	3.8        	-0.000351356	6.54495e-05	0.999992   	0.929541   	0          	0          	0          	0          	0          	0          	0          	0          	0.192133   	0.267864   	0.0170817  	0.0170489  	0          	0          	0          	0          	0          	0          	0          	0          	1.44387	-nan	-nan	-0.000351356	6.54495e-05	0.999992   	0.929541   	0.192133   	0.267864   	0.0170817  	0.0170489  	1.44387	
2.4e-11    	3.6        	-0.000136243	5.29787e-05	0.999992   	0.925663   	0          	0          	0          	0          	0          	0          	0          	0          	0.216664   	0.235081   	0.0209634  	0.0209201  	0          	0          	0          	0          	0          	0          	0          	0          	1.59783	-nan	-nan	-0.000136243	5.29787e-05	0.999992   	0.925663   	0.216664   	0.235081   	0.0209634  	0.0209201  	1.59783	
2.5e-11    	3.4        	0.000332101	-0.000101496	0.999992   	0.921602   	0          	0          	0          	0          	0          	0          	0          	0          	0.237591   	0.243689   	0.0272169  	0.0272378  	0          	0          	0          	0          	0          	0          	0          	0          	1.85782	-nan	-nan	0.000332101	-0.000101496	0.999992   	0.921602   	0.237591   	0.243689   	0.0272169  	0.0272378  	1.85782	
2.6e-11    	3.2        	-0.000254001	-8.2006e-05	0.999991   	0.916704   	0          	0          	0          	0          	0          	0          	0          	0          	0.259696   	0.270304   	0.0267377  	0.026709   	0          	0          	0          	0          	0          	0          	0          	0          	1.6306	-nan	-nan	-0.000254001	-8.2006e-05	0.999991   	0.916704   	0.259696   	0.270304   	0.0267377  	0.026709   	1.6306	
2.7e-11    	3          	-4.47479e-05	-5.38332e-05	0.99999    	0.911536   	0          	0          	0          	0          	0          	0          	0          	0          	0.313253   	0.276707   	0.0261204  	0.0260974  	0          	0          	0          	0          	0          	0          	0          	0          	1.40704	-nan	-nan	-4.47479e-05	-5.38332e-05	0.99999    	0.911536   	0.313253   	0.276707   	0.0261204  	0.0260974  	1.40704	
2.8e-11    	2.8        	0.000207171	0.000119165	0.999991   	0.905529   	0          	0          	0          	0          	0          	0          	0          	0          	0.271758   	0.252741   	0.0329392  	0.0329373  	0          	0          	0          	0          	0          	0          	0          	0          	1.55621	-nan	-nan	0.000207171	0.000119165	0.999991   	0.905529   	0.271758   	0.252741   	0.0329392  	0.0329373  	1.55621	
2.9e-11    	2.6        	-0.000377669	-0.000504859	0.999989   	0.898769   	0          	0          	0          	0          	0          	0          	0          	0          	0.266109   	0.314767   	0.0513763  	0.0513223  	0          	0          	0          	0          	0          	0          	0          	0          	2.10714	-nan	-nan	-0.000377669	-0.000504859	0.999989   	0.898769   	0.266109   	0.314767   	0.0513763  	0.0513223  	2.10714	
3e-11      	2.4        	-5.9647e-05	-0.000440423	0.999987   	0.890882   	0          	0          	0          	0          	0          	0          	0          	0          	0.375171   	0.293307   	0.0428493  	0.0428977  	0          	0          	0          	0          	0          	0          	0          	0          	1.51022	-nan	-nan	-5.9647e-05	-0.000440423	0.999987   	0.890882   	0.375171   	0.293307   	0.0428493  	0.0428977  	1.51022	
3.1e-11    	2.2        	-0.000219948	-0.000250779	0.999985   	0.881396   	0          	0          	0          	0          	0          	0          	0          	0          	0.370436   	0.401901   	0.0631172  	0.0629721  	0          	0          	0          	0          	0          	0          	0          	0          	1.88768	-nan	-nan	-0.000219948	-0.000250779	0.999985   	0.881396   	0.370436   	0.401901   	0.0631172  	0.0629721  	1.88768	
3.2e-11    	2          	0.000587167	-0.000833972	0.999985   	0.870152   	0          	0          	0          	0          	0          	0          	0          	0          	0.421994   	0.343142   	0.0688182  	0.0688405  	0          	0          	0          	0          	0          	0          	0          	0          	1.71672	-nan	-nan	0.000587167	-0.000833972	0.999985   	0.870152   	0.421994   	0.343142   	0.0688182  	0.0688405  	1.71672	
3.3e-11    	1.8        	5.66731e-05	-0.000379553	0.999984   	0.856992   	0          	0          	0          	0          	0          	0          	0          	0          	0.450642   	0.363175   	0.0829031  	0.0828853  	0          	0          	0          	0          	0          	0          	0          	0          	1.69176	-nan	-nan	5.66731e-05	-0.000379553	0.999984   	0.856992   	0.450642   	0.363175   	0.0829031  	0.0828853  	1.69176	
3.4e-11    	1.6        	2.77633e-06	0.000263748	0.99998    	0.839591   	0          	0          	0          	0          	0          	0          	0          	0          	0.507451   	0.471104   	0.091558   	0.0913184  	0          	0          	0          	0          	0          	0          	0          	0          	1.49423	-nan	-nan	2.77633e-06	0.000263748	0.99998    	0.839591   	0.507451   	0.471104   	0.091558   	0.0913184  	1.49423	
3.5e-11    	1.4        	-6.59922e-05	-0.000365995	0.999978   	0.817665   	0          	0          	0          	0          	0          	0          	0          	0          	0.479635   	0.531837   	0.160796   	0.160616   	0          	0          	0          	0          	0          	0          	0          	0          	2.02989	-nan	-nan	-6.59922e-05	-0.000365995	0.999978   	0.817665   	0.479635   	0.531837   	0.160796   	0.160616   	2.02989	
3.6e-11    	1.2        	-0.000174916	-9.10734e-05	0.999973   	0.788929   	0          	0          	0          	0          	0          	0          	0          	0          	0.523894   	0.627935   	0.212648   	0.212436   	0          	0          	0          	0          	0          	0          	0          	0          	1.9874	-nan	-nan	-0.000174916	-9.10734e-05	0.999973   	0.788929   	0.523894   	0.627935   	0.212648   	0.212436   	1.9874	
3.7e-11    	1          	0.000350892	-0.000317459	0.999963   	0.74806    	0          	0          	0          	0          	0          	0          	0          	0          	0.667366   	0.723143   	0.394485   	0.394226   	0          	0          	0          	0          	0          	0          	0          	0          	2.59338	-nan	-nan	0.000350892	-0.000317459	0.999963   	0.74806    	0.667366   	0.723143   	0.394485   	0.394226   	2.59338	
3.8e-11    	0.8        	0.000310155	0.000658105	0.999956   	0.689126   	0          	0          	0          	0          	0          	0          	0          	0          	0.813061   	0.61169    	0.612361   	0.612014   	0          	0          	0          	0          	0          	0          	0          	0          	2.60331	-nan	-nan	0.000310155	0.000658105	0.999956   	0.689126   	0.813061   	0.61169    	0.612361   	0.612014   	2.60331	
3.9e-11    	0.6        	0.000630431	-0.000108512	0.999933   	0.59767    	0          	0          	0          	0          	0          	0          	0          	0          	0.791579   	0.824854   	0.983526   	0.982843   	0          	0          	0          	0          	0          	0          	0          	0          	2.35093	-nan	-nan	0.000630431	-0.000108512	0.999933   	0.59767    	0.791579   	0.824854   	0.983526   	0.982843   	2.35093	
4e-11      	0.4        	0.00161572 	-3.06902e-05	0.999862   	0.457037   	0          	0          	0          	0          	0          	0          	0          	0          	0.962789   	0.975161   	1.45449    	1.45575    	0          	0          	0          	0          	0          	0          	0          	0          	1.57573	-nan	-nan	0.00161572 	-3.06902e-05	0.999862   	0.457037   	0.962789   	0.975161   	1.45449    	1.45575    	1.57573	
4.1e-11    	0.2        	0.000357436	-0.00105555	0.999507   	0.25445    	0          	0          	0          	0          	0          	0          	0          	0          	1.14349    	1.02003    	1.71051    	1.71014    	0          	0          	0          	0          	0          	0          	0          	0          	0.514373	-nan	-nan	0.000357436	-0.00105555	0.999507   	0.25445    	1.14349    	1.02003    	1.71051    	1.71014    	0.514373	
4.2e-11    	-0         	-0.0477981 	0.013755   	-0.010353  	0.00953284 	0          	0          	0          	0          	0          	0          	0          	0          	1.10015    	1.09302    	1.76872    	0.888348   	0          	0          	0          	0          	0          	0          	0          	0          	0.0272337	-nan	-nan	-0.0477981 	0.013755   	-0.010353  	0.00953284 	1.10015    	1.09302    	1.76872    	0.888348   	0.0272337	
