#----------------------------------------------------------------------------------------------------------------------------------------------------------
# Output file for vampire simulation
#   time       : 2025-10-19 20:14:38     process id : 89027
#   hostname   : 53a6091906e1
#   path       : /content/drive/MyDrive/Colab Notebooks/vampire phase diagram
#   version    : 7.0.0
#   githash    : 525bc27ee44c525aee229570f30f3d4c61d54f66
#----------------------------------------------------------------------------------------------------------------------------------------------------------
2e-12      	8          	-4.7134e-05	0.000106857	0.999995   	0.954627   	0          	0          	0          	0          	0          	0          	0          	0          	0.106527   	0.126964   	36.3127    	36.3057    	0          	0          	0          	0          	0          	0          	0          	0          	10423.1	-nan	-nan	-4.7134e-05	0.000106857	0.999995   	0.954627   	0.106527   	0.126964   	36.3127    	36.3057    	10423.1	
3e-12      	7.8        	-5.42402e-05	-0.000438133	0.999996   	0.957305   	0          	0          	0          	0          	0          	0          	0          	0          	0.100439   	0.118244   	0.00508875 	0.00509234 	0          	0          	0          	0          	0          	0          	0          	0          	1.42358	-nan	-nan	-5.42402e-05	-0.000438133	0.999996   	0.957305   	0.100439   	0.118244   	0.00508875 	0.00509234 	1.42358	
4e-12      	7.6        	-0.00014474	-0.000326725	0.999996   	0.956178   	0          	0          	0          	0          	0          	0          	0          	0          	0.120125   	0.100652   	0.00537892 	0.00538101 	0          	0          	0          	0          	0          	0          	0          	0          	1.43048	-nan	-nan	-0.00014474	-0.000326725	0.999996   	0.956178   	0.120125   	0.100652   	0.00537892 	0.00538101 	1.43048	
5e-12      	7.4        	0.000110944	-0.000318936	0.999995   	0.955111   	0          	0          	0          	0          	0          	0          	0          	0          	0.114883   	0.120012   	0.00600448 	0.00600651 	0          	0          	0          	0          	0          	0          	0          	0          	1.51615	-nan	-nan	0.000110944	-0.000318936	0.999995   	0.955111   	0.114883   	0.120012   	0.00600448 	0.00600651 	1.51615	
6e-12      	7.2        	0.000273011	0.000215272	0.999995   	0.953815   	0          	0          	0          	0          	0          	0          	0          	0          	0.122557   	0.134575   	0.00598512 	0.00598779 	0          	0          	0          	0          	0          	0          	0          	0          	1.4328	-nan	-nan	0.000273011	0.000215272	0.999995   	0.953815   	0.122557   	0.134575   	0.00598512 	0.00598779 	1.4328	
7e-12      	7          	-0.000153235	0.000437602	0.999995   	0.952539   	0          	0          	0          	0          	0          	0          	0          	0          	0.131686   	0.123578   	0.00631659 	0.00631805 	0          	0          	0          	0          	0          	0          	0          	0          	1.43109	-nan	-nan	-0.000153235	0.000437602	0.999995   	0.952539   	0.131686   	0.123578   	0.00631659 	0.00631805 	1.43109	
8e-12      	6.8        	6.84227e-05	0.000390747	0.999994   	0.951244   	0          	0          	0          	0          	0          	0          	0          	0          	0.149876   	0.132926   	0.0067978  	0.00679204 	0          	0          	0          	0          	0          	0          	0          	0          	1.45599	-nan	-nan	6.84227e-05	0.000390747	0.999994   	0.951244   	0.149876   	0.132926   	0.0067978  	0.00679204 	1.45599	
9e-12      	6.6        	0.000333738	0.00028918 	0.999994   	0.949752   	0          	0          	0          	0          	0          	0          	0          	0          	0.1372     	0.14374    	0.00758436 	0.0075968  	0          	0          	0          	0          	0          	0          	0          	0          	1.53262	-nan	-nan	0.000333738	0.00028918 	0.999994   	0.949752   	0.1372     	0.14374    	0.00758436 	0.0075968  	1.53262	
1e-11      	6.4        	2.32165e-05	0.000183273	0.999994   	0.948278   	0          	0          	0          	0          	0          	0          	0          	0          	0.161569   	0.130334   	0.00949731 	0.00950281 	0          	0          	0          	0          	0          	0          	0          	0          	1.80809	-nan	-nan	2.32165e-05	0.000183273	0.999994   	0.948278   	0.161569   	0.130334   	0.00949731 	0.00950281 	1.80809	
1.1e-11    	6.2        	0.000241218	-0.000234159	0.999994   	0.946564   	0          	0          	0          	0          	0          	0          	0          	0          	0.160469   	0.130463   	0.0093823  	0.00938852 	0          	0          	0          	0          	0          	0          	0          	0          	1.67999	-nan	-nan	0.000241218	-0.000234159	0.999994   	0.946564   	0.160469   	0.130463   	0.0093823  	0.00938852 	1.67999	
1.2e-11    	6          	9.48099e-05	0.000557195	0.999993   	0.944901   	0          	0          	0          	0          	0          	0          	0          	0          	0.142403   	0.181383   	0.008663   	0.00864961 	0          	0          	0          	0          	0          	0          	0          	0          	1.45547	-nan	-nan	9.48099e-05	0.000557195	0.999993   	0.944901   	0.142403   	0.181383   	0.008663   	0.00864961 	1.45547	
1.3e-11    	5.8        	5.07716e-05	-6.8799e-05	0.999993   	0.943093   	0          	0          	0          	0          	0          	0          	0          	0          	0.163878   	0.164389   	0.0101862  	0.0101786  	0          	0          	0          	0          	0          	0          	0          	0          	1.6017	-nan	-nan	5.07716e-05	-6.8799e-05	0.999993   	0.943093   	0.163878   	0.164389   	0.0101862  	0.0101786  	1.6017	
1.4e-11    	5.6        	0.000172615	-9.17409e-05	0.999993   	0.941037   	0          	0          	0          	0          	0          	0          	0          	0          	0.154351   	0.185432   	0.0129607  	0.0129773  	0          	0          	0          	0          	0          	0          	0          	0          	1.90384	-nan	-nan	0.000172615	-9.17409e-05	0.999993   	0.941037   	0.154351   	0.185432   	0.0129607  	0.0129773  	1.90384	
1.5e-11    	5.4        	-0.000647703	-0.000361451	0.999992   	0.939099   	0          	0          	0          	0          	0          	0          	0          	0          	0.206509   	0.171137   	0.0110104  	0.0110098  	0          	0          	0          	0          	0          	0          	0          	0          	1.50883	-nan	-nan	-0.000647703	-0.000361451	0.999992   	0.939099   	0.206509   	0.171137   	0.0110104  	0.0110098  	1.50883	
1.6e-11    	5.2        	-0.000335101	2.6864e-06 	0.999993   	0.936769   	0          	0          	0          	0          	0          	0          	0          	0          	0.171461   	0.184301   	0.00940849 	0.00940981 	0          	0          	0          	0          	0          	0          	0          	0          	1.19845	-nan	-nan	-0.000335101	2.6864e-06 	0.999993   	0.936769   	0.171461   	0.184301   	0.00940849 	0.00940981 	1.19845	
1.7e-11    	5          	3.31966e-05	3.2632e-05 	0.999992   	0.934184   	0          	0          	0          	0          	0          	0          	0          	0          	0.211242   	0.186683   	0.0139226  	0.0139277  	0          	0          	0          	0          	0          	0          	0          	0          	1.64408	-nan	-nan	3.31966e-05	3.2632e-05 	0.999992   	0.934184   	0.211242   	0.186683   	0.0139226  	0.0139277  	1.64408	
1.8e-11    	4.8        	-0.000164584	-0.000653227	0.999993   	0.931698   	0          	0          	0          	0          	0          	0          	0          	0          	0.152811   	0.157129   	0.0132936  	0.0132682  	0          	0          	0          	0          	0          	0          	0          	0          	1.44946	-nan	-nan	-0.000164584	-0.000653227	0.999993   	0.931698   	0.152811   	0.157129   	0.0132936  	0.0132682  	1.44946	
1.9e-11    	4.6        	0.000456666	0.000129319	0.999991   	0.928788   	0          	0          	0          	0          	0          	0          	0          	0          	0.216796   	0.23587    	0.0136753  	0.0136561  	0          	0          	0          	0          	0          	0          	0          	0          	1.37459	-nan	-nan	0.000456666	0.000129319	0.999991   	0.928788   	0.216796   	0.23587    	0.0136753  	0.0136561  	1.37459	
2e-11      	4.4        	-9.33195e-05	-0.000225576	0.999992   	0.925733   	0          	0          	0          	0          	0          	0          	0          	0          	0.197234   	0.186149   	0.0152598  	0.0152928  	0          	0          	0          	0          	0          	0          	0          	0          	1.40674	-nan	-nan	-9.33195e-05	-0.000225576	0.999992   	0.925733   	0.197234   	0.186149   	0.0152598  	0.0152928  	1.40674	
2.1e-11    	4.2        	0.000491971	-0.000113853	0.999991   	0.922228   	0          	0          	0          	0          	0          	0          	0          	0          	0.231703   	0.188476   	0.0157008  	0.0157179  	0          	0          	0          	0          	0          	0          	0          	0          	1.32364	-nan	-nan	0.000491971	-0.000113853	0.999991   	0.922228   	0.231703   	0.188476   	0.0157008  	0.0157179  	1.32364	
2.2e-11    	4          	-0.000280542	-0.00028999	0.999991   	0.918511   	0          	0          	0          	0          	0          	0          	0          	0          	0.186972   	0.229682   	0.0196265  	0.0196557  	0          	0          	0          	0          	0          	0          	0          	0          	1.50649	-nan	-nan	-0.000280542	-0.00028999	0.999991   	0.918511   	0.186972   	0.229682   	0.0196265  	0.0196557  	1.50649	
2.3e-11    	3.8        	-0.00035522	-0.000256986	0.999991   	0.914626   	0          	0          	0          	0          	0          	0          	0          	0          	0.188357   	0.237528   	0.0200271  	0.0200167  	0          	0          	0          	0          	0          	0          	0          	0          	1.39258	-nan	-nan	-0.00035522	-0.000256986	0.999991   	0.914626   	0.188357   	0.237528   	0.0200271  	0.0200167  	1.39258	
2.4e-11    	3.6        	-0.000100996	-0.000176541	0.99999    	0.909943   	0          	0          	0          	0          	0          	0          	0          	0          	0.245061   	0.218833   	0.0225548  	0.0225469  	0          	0          	0          	0          	0          	0          	0          	0          	1.41294	-nan	-nan	-0.000100996	-0.000176541	0.99999    	0.909943   	0.245061   	0.218833   	0.0225548  	0.0225469  	1.41294	
2.5e-11    	3.4        	-0.000138475	0.000428484	0.999988   	0.904676   	0          	0          	0          	0          	0          	0          	0          	0          	0.271681   	0.251887   	0.0271854  	0.0272493  	0          	0          	0          	0          	0          	0          	0          	0          	1.52659	-nan	-nan	-0.000138475	0.000428484	0.999988   	0.904676   	0.271681   	0.251887   	0.0271854  	0.0272493  	1.52659	
2.6e-11    	3.2        	-0.000715095	-0.00019159	0.999988   	0.899136   	0          	0          	0          	0          	0          	0          	0          	0          	0.22293    	0.329349   	0.0368158  	0.036773   	0          	0          	0          	0          	0          	0          	0          	0          	1.8396	-nan	-nan	-0.000715095	-0.00019159	0.999988   	0.899136   	0.22293    	0.329349   	0.0368158  	0.036773   	1.8396	
2.7e-11    	3          	0.000117708	-0.00031615	0.999988   	0.892677   	0          	0          	0          	0          	0          	0          	0          	0          	0.264324   	0.284556   	0.0337371  	0.0336871  	0          	0          	0          	0          	0          	0          	0          	0          	1.48951	-nan	-nan	0.000117708	-0.00031615	0.999988   	0.892677   	0.264324   	0.284556   	0.0337371  	0.0336871  	1.48951	
2.8e-11    	2.8        	8.98196e-05	0.000196406	0.999989   	0.885265   	0          	0          	0          	0          	0          	0          	0          	0          	0.242064   	0.259616   	0.0453352  	0.0453055  	0          	0          	0          	0          	0          	0          	0          	0          	1.75667	-nan	-nan	8.98196e-05	0.000196406	0.999989   	0.885265   	0.242064   	0.259616   	0.0453352  	0.0453055  	1.75667	
2.9e-11    	2.6        	-0.000615822	-0.00109823	0.999984   	0.876895   	0          	0          	0          	0          	0          	0          	0          	0          	0.320334   	0.342813   	0.0430364  	0.0429408  	0          	0          	0          	0          	0          	0          	0          	0          	1.4455	-nan	-nan	-0.000615822	-0.00109823	0.999984   	0.876895   	0.320334   	0.342813   	0.0430364  	0.0429408  	1.4455	
3e-11      	2.4        	0.00018868 	7.74617e-05	0.999984   	0.867247   	0          	0          	0          	0          	0          	0          	0          	0          	0.347089   	0.340757   	0.061319   	0.0612704  	0          	0          	0          	0          	0          	0          	0          	0          	1.76798	-nan	-nan	0.00018868 	7.74617e-05	0.999984   	0.867247   	0.347089   	0.340757   	0.061319   	0.0612704  	1.76798	
3.1e-11    	2.2        	-0.000699908	-0.000771916	0.999981   	0.855747   	0          	0          	0          	0          	0          	0          	0          	0          	0.360044   	0.416205   	0.0715927  	0.0714987  	0          	0          	0          	0          	0          	0          	0          	0          	1.74236	-nan	-nan	-0.000699908	-0.000771916	0.999981   	0.855747   	0.360044   	0.416205   	0.0715927  	0.0714987  	1.74236	
3.2e-11    	2          	2.46538e-05	-3.98244e-05	0.999981   	0.841993   	0          	0          	0          	0          	0          	0          	0          	0          	0.406655   	0.361787   	0.0834134  	0.0833354  	0          	0          	0          	0          	0          	0          	0          	0          	1.69567	-nan	-nan	2.46538e-05	-3.98244e-05	0.999981   	0.841993   	0.406655   	0.361787   	0.0834134  	0.0833354  	1.69567	
3.3e-11    	1.8        	-9.76973e-05	0.000386085	0.999979   	0.825154   	0          	0          	0          	0          	0          	0          	0          	0          	0.389222   	0.397962   	0.108909   	0.108832   	0          	0          	0          	0          	0          	0          	0          	0          	1.81062	-nan	-nan	-9.76973e-05	0.000386085	0.999979   	0.825154   	0.389222   	0.397962   	0.108909   	0.108832   	1.81062	
3.4e-11    	1.6        	0.000262358	0.000219981	0.999975   	0.803977   	0          	0          	0          	0          	0          	0          	0          	0          	0.443991   	0.444286   	0.12845    	0.128353   	0          	0          	0          	0          	0          	0          	0          	0          	1.70551	-nan	-nan	0.000262358	0.000219981	0.999975   	0.803977   	0.443991   	0.444286   	0.12845    	0.128353   	1.70551	
3.5e-11    	1.4        	0.00021637 	0.000192979	0.999971   	0.77683    	0          	0          	0          	0          	0          	0          	0          	0          	0.506554   	0.458894   	0.233001   	0.232865   	0          	0          	0          	0          	0          	0          	0          	0          	2.37829	-nan	-nan	0.00021637 	0.000192979	0.999971   	0.77683    	0.506554   	0.458894   	0.233001   	0.232865   	2.37829	
3.6e-11    	1.2        	0.000754394	-0.000283794	0.999966   	0.741315   	0          	0          	0          	0          	0          	0          	0          	0          	0.54399    	0.491781   	0.302362   	0.302379   	0          	0          	0          	0          	0          	0          	0          	0          	2.26847	-nan	-nan	0.000754394	-0.000283794	0.999966   	0.741315   	0.54399    	0.491781   	0.302362   	0.302379   	2.26847	
3.7e-11    	1          	0.000223701	0.00069596 	0.999951   	0.691928   	0          	0          	0          	0          	0          	0          	0          	0          	0.615188   	0.695154   	0.410772   	0.410787   	0          	0          	0          	0          	0          	0          	0          	0          	2.16099	-nan	-nan	0.000223701	0.00069596 	0.999951   	0.691928   	0.615188   	0.695154   	0.410772   	0.410787   	2.16099	
3.8e-11    	0.8        	0.000327297	0.000589876	0.999938   	0.623067   	0          	0          	0          	0          	0          	0          	0          	0          	0.679637   	0.66912    	0.640652   	0.640186   	0          	0          	0          	0          	0          	0          	0          	0          	2.16994	-nan	-nan	0.000327297	0.000589876	0.999938   	0.623067   	0.679637   	0.66912    	0.640652   	0.640186   	2.16994	
3.9e-11    	0.6        	0.000147785	-0.000965241	0.99991    	0.524934   	0          	0          	0          	0          	0          	0          	0          	0          	0.72254    	0.663282   	0.966277   	0.965681   	0          	0          	0          	0          	0          	0          	0          	0          	1.85716	-nan	-nan	0.000147785	-0.000965241	0.99991    	0.524934   	0.72254    	0.663282   	0.966277   	0.965681   	1.85716	
4e-11      	0.4        	-0.000692747	-0.000494134	0.99979    	0.38775    	0          	0          	0          	0          	0          	0          	0          	0          	0.861409   	0.902909   	1.06357    	1.06127    	0          	0          	0          	0          	0          	0          	0          	0          	0.928113	-nan	-nan	-0.000692747	-0.000494134	0.99979    	0.38775    	0.861409   	0.902909   	1.06357    	1.06127    	0.928113	
4.1e-11    	0.2        	0.0014226  	0.000165411	0.999288   	0.208706   	0          	0          	0          	0          	0          	0          	0          	0          	0.934675   	0.802537   	1.30682    	1.30821    	0          	0          	0          	0          	0          	0          	0          	0          	0.293292	-nan	-nan	0.0014226  	0.000165411	0.999288   	0.208706   	0.934675   	0.802537   	1.30682    	1.30821    	0.293292	
4.2e-11    	-0         	-0.0209149 	0.0157852  	-0.0234901 	0.00920288 	0          	0          	0          	0          	0          	0          	0          	0          	0.854024   	0.891971   	1.24789    	0.622723   	0          	0          	0          	0          	0          	0          	0          	0          	0.0166791	-nan	-nan	-0.0209149 	0.0157852  	-0.0234901 	0.00920288 	0.854024   	0.891971   	1.24789    	0.622723   	0.0166791	
