#----------------------------------------------------------------------------------------------------------------------------------------------------------
# Output file for vampire simulation
#   time       : 2025-10-19 20:12:53     process id : 88592
#   hostname   : 53a6091906e1
#   path       : /content/drive/MyDrive/Colab Notebooks/vampire phase diagram
#   version    : 7.0.0
#   githash    : 525bc27ee44c525aee229570f30f3d4c61d54f66
#----------------------------------------------------------------------------------------------------------------------------------------------------------
2e-12      	8          	9.76388e-05	8.34058e-05	0.999995   	0.956497   	0          	0          	0          	0          	0          	0          	0          	0          	0.120301   	0.122554   	38.4542    	38.4433    	0          	0          	0          	0          	0          	0          	0          	0          	11537.7	-nan	-nan	9.76388e-05	8.34058e-05	0.999995   	0.956497   	0.120301   	0.122554   	38.4542    	38.4433    	11537.7	
3e-12      	7.8        	1.80571e-05	-4.76215e-05	0.999995   	0.95915    	0          	0          	0          	0          	0          	0          	0          	0          	0.137703   	0.118062   	0.00483115 	0.00481762 	0          	0          	0          	0          	0          	0          	0          	0          	1.41331	-nan	-nan	1.80571e-05	-4.76215e-05	0.999995   	0.95915    	0.137703   	0.118062   	0.00483115 	0.00481762 	1.41331	
4e-12      	7.6        	0.00022125 	0.000109   	0.999996   	0.958103   	0          	0          	0          	0          	0          	0          	0          	0          	0.0993935  	0.120328   	0.00506889 	0.00506689 	0          	0          	0          	0          	0          	0          	0          	0          	1.4097	-nan	-nan	0.00022125 	0.000109   	0.999996   	0.958103   	0.0993935  	0.120328   	0.00506889 	0.00506689 	1.4097	
5e-12      	7.4        	-0.000269749	7.45429e-05	0.999995   	0.957022   	0          	0          	0          	0          	0          	0          	0          	0          	0.129551   	0.120117   	0.00477192 	0.0047693  	0          	0          	0          	0          	0          	0          	0          	0          	1.25964	-nan	-nan	-0.000269749	7.45429e-05	0.999995   	0.957022   	0.129551   	0.120117   	0.00477192 	0.0047693  	1.25964	
6e-12      	7.2        	-0.000448427	0.000143605	0.999995   	0.955843   	0          	0          	0          	0          	0          	0          	0          	0          	0.136037   	0.134876   	0.00629934 	0.00630408 	0          	0          	0          	0          	0          	0          	0          	0          	1.57662	-nan	-nan	-0.000448427	0.000143605	0.999995   	0.955843   	0.136037   	0.134876   	0.00629934 	0.00630408 	1.57662	
7e-12      	7          	9.28057e-05	0.000478536	0.999995   	0.95466    	0          	0          	0          	0          	0          	0          	0          	0          	0.131894   	0.121469   	0.0060001  	0.00600297 	0          	0          	0          	0          	0          	0          	0          	0          	1.42146	-nan	-nan	9.28057e-05	0.000478536	0.999995   	0.95466    	0.131894   	0.121469   	0.0060001  	0.00600297 	1.42146	
8e-12      	6.8        	0.00013404 	-0.000195433	0.999995   	0.95334    	0          	0          	0          	0          	0          	0          	0          	0          	0.125402   	0.153115   	0.00695791 	0.00696046 	0          	0          	0          	0          	0          	0          	0          	0          	1.55794	-nan	-nan	0.00013404 	-0.000195433	0.999995   	0.95334    	0.125402   	0.153115   	0.00695791 	0.00696046 	1.55794	
9e-12      	6.6        	0.000151846	0.000349577	0.999994   	0.95197    	0          	0          	0          	0          	0          	0          	0          	0          	0.162359   	0.147836   	0.00584381 	0.00584831 	0          	0          	0          	0          	0          	0          	0          	0          	1.23524	-nan	-nan	0.000151846	0.000349577	0.999994   	0.95197    	0.162359   	0.147836   	0.00584381 	0.00584831 	1.23524	
1e-11      	6.4        	-1.82324e-05	0.000117235	0.999994   	0.950606   	0          	0          	0          	0          	0          	0          	0          	0          	0.154575   	0.146237   	0.00788074 	0.00788507 	0          	0          	0          	0          	0          	0          	0          	0          	1.56887	-nan	-nan	-1.82324e-05	0.000117235	0.999994   	0.950606   	0.154575   	0.146237   	0.00788074 	0.00788507 	1.56887	
1.1e-11    	6.2        	-0.000198734	8.73001e-05	0.999994   	0.948962   	0          	0          	0          	0          	0          	0          	0          	0          	0.147374   	0.151749   	0.00883954 	0.00882367 	0          	0          	0          	0          	0          	0          	0          	0          	1.65461	-nan	-nan	-0.000198734	8.73001e-05	0.999994   	0.948962   	0.147374   	0.151749   	0.00883954 	0.00882367 	1.65461	
1.2e-11    	6          	-0.000193935	0.000181575	0.999994   	0.947384   	0          	0          	0          	0          	0          	0          	0          	0          	0.145868   	0.145432   	0.00786495 	0.00787711 	0          	0          	0          	0          	0          	0          	0          	0          	1.38135	-nan	-nan	-0.000193935	0.000181575	0.999994   	0.947384   	0.145868   	0.145432   	0.00786495 	0.00787711 	1.38135	
1.3e-11    	5.8        	-0.000151518	7.08545e-05	0.999994   	0.945582   	0          	0          	0          	0          	0          	0          	0          	0          	0.146026   	0.143262   	0.0101087  	0.0100917  	0          	0          	0          	0          	0          	0          	0          	0          	1.66202	-nan	-nan	-0.000151518	7.08545e-05	0.999994   	0.945582   	0.146026   	0.143262   	0.0101087  	0.0100917  	1.66202	
1.4e-11    	5.6        	-0.000203955	-8.94311e-05	0.999994   	0.943764   	0          	0          	0          	0          	0          	0          	0          	0          	0.153608   	0.154838   	0.0094141  	0.00940617 	0          	0          	0          	0          	0          	0          	0          	0          	1.44634	-nan	-nan	-0.000203955	-8.94311e-05	0.999994   	0.943764   	0.153608   	0.154838   	0.0094141  	0.00940617 	1.44634	
1.5e-11    	5.4        	-5.01003e-05	-5.81484e-05	0.999993   	0.941817   	0          	0          	0          	0          	0          	0          	0          	0          	0.178575   	0.19006    	0.0113206  	0.0113147  	0          	0          	0          	0          	0          	0          	0          	0          	1.62116	-nan	-nan	-5.01003e-05	-5.81484e-05	0.999993   	0.941817   	0.178575   	0.19006    	0.0113206  	0.0113147  	1.62116	
1.6e-11    	5.2        	-0.000262383	0.00012629 	0.999993   	0.939496   	0          	0          	0          	0          	0          	0          	0          	0          	0.164048   	0.170778   	0.00982482 	0.00980411 	0          	0          	0          	0          	0          	0          	0          	0          	1.30807	-nan	-nan	-0.000262383	0.00012629 	0.999993   	0.939496   	0.164048   	0.170778   	0.00982482 	0.00980411 	1.30807	
1.7e-11    	5          	0.000221445	-8.7082e-06	0.999993   	0.937157   	0          	0          	0          	0          	0          	0          	0          	0          	0.172135   	0.181999   	0.0108965  	0.010916   	0          	0          	0          	0          	0          	0          	0          	0          	1.34546	-nan	-nan	0.000221445	-8.7082e-06	0.999993   	0.937157   	0.172135   	0.181999   	0.0108965  	0.010916   	1.34546	
1.8e-11    	4.8        	-0.0002581 	-0.00031798	0.999993   	0.934587   	0          	0          	0          	0          	0          	0          	0          	0          	0.162041   	0.175322   	0.0121295  	0.0121176  	0          	0          	0          	0          	0          	0          	0          	0          	1.38436	-nan	-nan	-0.0002581 	-0.00031798	0.999993   	0.934587   	0.162041   	0.175322   	0.0121295  	0.0121176  	1.38436	
1.9e-11    	4.6        	6.16268e-05	7.27925e-05	0.999993   	0.931746   	0          	0          	0          	0          	0          	0          	0          	0          	0.168956   	0.171929   	0.0166359  	0.0166299  	0          	0          	0          	0          	0          	0          	0          	0          	1.74778	-nan	-nan	6.16268e-05	7.27925e-05	0.999993   	0.931746   	0.168956   	0.171929   	0.0166359  	0.0166299  	1.74778	
2e-11      	4.4        	-0.000716247	3.25419e-05	0.999992   	0.928883   	0          	0          	0          	0          	0          	0          	0          	0          	0.182473   	0.20504    	0.0147228  	0.0147006  	0          	0          	0          	0          	0          	0          	0          	0          	1.42018	-nan	-nan	-0.000716247	3.25419e-05	0.999992   	0.928883   	0.182473   	0.20504    	0.0147228  	0.0147006  	1.42018	
2.1e-11    	4.2        	0.000326082	-1.24399e-05	0.999991   	0.925676   	0          	0          	0          	0          	0          	0          	0          	0          	0.237855   	0.204132   	0.0198846  	0.0199094  	0          	0          	0          	0          	0          	0          	0          	0          	1.75413	-nan	-nan	0.000326082	-1.24399e-05	0.999991   	0.925676   	0.237855   	0.204132   	0.0198846  	0.0199094  	1.75413	
2.2e-11    	4          	-6.5714e-05	-0.000477946	0.999991   	0.922055   	0          	0          	0          	0          	0          	0          	0          	0          	0.20655    	0.245951   	0.0192074  	0.0192368  	0          	0          	0          	0          	0          	0          	0          	0          	1.54286	-nan	-nan	-6.5714e-05	-0.000477946	0.999991   	0.922055   	0.20655    	0.245951   	0.0192074  	0.0192368  	1.54286	
2.3e-11    	3.8        	-5.30091e-05	-0.000339947	0.99999    	0.918276   	0          	0          	0          	0          	0          	0          	0          	0          	0.259733   	0.256047   	0.0186627  	0.0186826  	0          	0          	0          	0          	0          	0          	0          	0          	1.3595	-nan	-nan	-5.30091e-05	-0.000339947	0.99999    	0.918276   	0.259733   	0.256047   	0.0186627  	0.0186826  	1.3595	
2.4e-11    	3.6        	-1.52792e-05	-0.000117651	0.99999    	0.913786   	0          	0          	0          	0          	0          	0          	0          	0          	0.263585   	0.247818   	0.0210083  	0.0209593  	0          	0          	0          	0          	0          	0          	0          	0          	1.37881	-nan	-nan	-1.52792e-05	-0.000117651	0.99999    	0.913786   	0.263585   	0.247818   	0.0210083  	0.0209593  	1.37881	
2.5e-11    	3.4        	-0.000224228	0.000451592	0.99999    	0.908934   	0          	0          	0          	0          	0          	0          	0          	0          	0.220846   	0.233875   	0.0303139  	0.0303553  	0          	0          	0          	0          	0          	0          	0          	0          	1.78522	-nan	-nan	-0.000224228	0.000451592	0.99999    	0.908934   	0.220846   	0.233875   	0.0303139  	0.0303553  	1.78522	
2.6e-11    	3.2        	-0.000400714	-0.000560456	0.999989   	0.903433   	0          	0          	0          	0          	0          	0          	0          	0          	0.255409   	0.267853   	0.0285751  	0.028516   	0          	0          	0          	0          	0          	0          	0          	0          	1.49416	-nan	-nan	-0.000400714	-0.000560456	0.999989   	0.903433   	0.255409   	0.267853   	0.0285751  	0.028516   	1.49416	
2.7e-11    	3          	-0.00061321	-4.56168e-05	0.999988   	0.897512   	0          	0          	0          	0          	0          	0          	0          	0          	0.260269   	0.275869   	0.0328667  	0.0328354  	0          	0          	0          	0          	0          	0          	0          	0          	1.52133	-nan	-nan	-0.00061321	-4.56168e-05	0.999988   	0.897512   	0.260269   	0.275869   	0.0328667  	0.0328354  	1.52133	
2.8e-11    	2.8        	-0.000211583	-0.000164683	0.999987   	0.890537   	0          	0          	0          	0          	0          	0          	0          	0          	0.29275    	0.308793   	0.0406749  	0.0405826  	0          	0          	0          	0          	0          	0          	0          	0          	1.64986	-nan	-nan	-0.000211583	-0.000164683	0.999987   	0.890537   	0.29275    	0.308793   	0.0406749  	0.0405826  	1.64986	
2.9e-11    	2.6        	-1.17249e-06	-0.00021317	0.999987   	0.882619   	0          	0          	0          	0          	0          	0          	0          	0          	0.28804    	0.323237   	0.0410798  	0.0410304  	0          	0          	0          	0          	0          	0          	0          	0          	1.44434	-nan	-nan	-1.17249e-06	-0.00021317	0.999987   	0.882619   	0.28804    	0.323237   	0.0410798  	0.0410304  	1.44434	
3e-11      	2.4        	0.000340882	0.000117863	0.999985   	0.872957   	0          	0          	0          	0          	0          	0          	0          	0          	0.375403   	0.286867   	0.0551306  	0.0551363  	0          	0          	0          	0          	0          	0          	0          	0          	1.67062	-nan	-nan	0.000340882	0.000117863	0.999985   	0.872957   	0.375403   	0.286867   	0.0551306  	0.0551363  	1.67062	
3.1e-11    	2.2        	-0.000590686	0.000257758	0.999984   	0.862031   	0          	0          	0          	0          	0          	0          	0          	0          	0.337663   	0.356755   	0.0675554  	0.0676075  	0          	0          	0          	0          	0          	0          	0          	0          	1.7266	-nan	-nan	-0.000590686	0.000257758	0.999984   	0.862031   	0.337663   	0.356755   	0.0675554  	0.0676075  	1.7266	
3.2e-11    	2          	-0.000376389	0.000352234	0.999981   	0.848556   	0          	0          	0          	0          	0          	0          	0          	0          	0.390039   	0.39028    	0.0794462  	0.0794282  	0          	0          	0          	0          	0          	0          	0          	0          	1.69942	-nan	-nan	-0.000376389	0.000352234	0.999981   	0.848556   	0.390039   	0.39028    	0.0794462  	0.0794282  	1.69942	
3.3e-11    	1.8        	-0.000279166	0.000640332	0.99998    	0.833095   	0          	0          	0          	0          	0          	0          	0          	0          	0.405646   	0.384431   	0.106554   	0.106523   	0          	0          	0          	0          	0          	0          	0          	0          	1.85982	-nan	-nan	-0.000279166	0.000640332	0.99998    	0.833095   	0.405646   	0.384431   	0.106554   	0.106523   	1.85982	
3.4e-11    	1.6        	0.000246512	6.79758e-06	0.999977   	0.81299    	0          	0          	0          	0          	0          	0          	0          	0          	0.481648   	0.40268    	0.134218   	0.134208   	0          	0          	0          	0          	0          	0          	0          	0          	1.86065	-nan	-nan	0.000246512	6.79758e-06	0.999977   	0.81299    	0.481648   	0.40268    	0.134218   	0.134208   	1.86065	
3.5e-11    	1.4        	0.00056421 	-0.000398368	0.999972   	0.787024   	0          	0          	0          	0          	0          	0          	0          	0          	0.491621   	0.534028   	0.18271    	0.18309    	0          	0          	0          	0          	0          	0          	0          	0          	1.95727	-nan	-nan	0.00056421 	-0.000398368	0.999972   	0.787024   	0.491621   	0.534028   	0.18271    	0.18309    	1.95727	
3.6e-11    	1.2        	-2.14363e-05	-0.000210355	0.999968   	0.753082   	0          	0          	0          	0          	0          	0          	0          	0          	0.454196   	0.594946   	0.258973   	0.25881    	0          	0          	0          	0          	0          	0          	0          	0          	2.05497	-nan	-nan	-2.14363e-05	-0.000210355	0.999968   	0.753082   	0.454196   	0.594946   	0.258973   	0.25881    	2.05497	
3.7e-11    	1          	0.000208284	-6.9388e-05	0.99996    	0.706054   	0          	0          	0          	0          	0          	0          	0          	0          	0.612216   	0.56563    	0.340802   	0.34035    	0          	0          	0          	0          	0          	0          	0          	0          	1.89956	-nan	-nan	0.000208284	-6.9388e-05	0.99996    	0.706054   	0.612216   	0.56563    	0.340802   	0.34035    	1.89956	
3.8e-11    	0.8        	0.00060284 	0.000150346	0.999937   	0.639359   	0          	0          	0          	0          	0          	0          	0          	0          	0.72596    	0.7828     	0.623314   	0.622506   	0          	0          	0          	0          	0          	0          	0          	0          	2.21217	-nan	-nan	0.00060284 	0.000150346	0.999937   	0.639359   	0.72596    	0.7828     	0.623314   	0.622506   	2.21217	
3.9e-11    	0.6        	0.00174225 	-0.00135556	0.999911   	0.541381   	0          	0          	0          	0          	0          	0          	0          	0          	0.73895    	0.753288   	0.971718   	0.970615   	0          	0          	0          	0          	0          	0          	0          	0          	1.97664	-nan	-nan	0.00174225 	-0.00135556	0.999911   	0.541381   	0.73895    	0.753288   	0.971718   	0.970615   	1.97664	
4e-11      	0.4        	0.00139509 	0.000237949	0.999812   	0.402964   	0          	0          	0          	0          	0          	0          	0          	0          	0.937866   	0.844202   	1.15086    	1.15045    	0          	0          	0          	0          	0          	0          	0          	0          	1.04814	-nan	-nan	0.00139509 	0.000237949	0.999812   	0.402964   	0.937866   	0.844202   	1.15086    	1.15045    	1.04814	
4.1e-11    	0.2        	0.000846827	0.00022044 	0.999312   	0.218448   	0          	0          	0          	0          	0          	0          	0          	0          	0.927483   	0.987786   	1.49143    	1.48873    	0          	0          	0          	0          	0          	0          	0          	0          	0.360645	-nan	-nan	0.000846827	0.00022044 	0.999312   	0.218448   	0.927483   	0.987786   	1.49143    	1.48873    	0.360645	
4.2e-11    	-0         	-0.0480937 	7.01617e-05	-0.0145204 	0.0094852  	0          	0          	0          	0          	0          	0          	0          	0          	1.00034    	0.856184   	1.45127    	0.678989   	0          	0          	0          	0          	0          	0          	0          	0          	0.0175783	-nan	-nan	-0.0480937 	7.01617e-05	-0.0145204 	0.0094852  	1.00034    	0.856184   	1.45127    	0.678989   	0.0175783	
