#----------------------------------------------------------------------------------------------------------------------------------------------------------
# Output file for vampire simulation
#   time       : 2025-10-19 20:20:05     process id : 90355
#   hostname   : 53a6091906e1
#   path       : /content/drive/MyDrive/Colab Notebooks/vampire phase diagram
#   version    : 7.0.0
#   githash    : 525bc27ee44c525aee229570f30f3d4c61d54f66
#----------------------------------------------------------------------------------------------------------------------------------------------------------
2e-12      	8          	-7.8704e-05	-2.13592e-05	0.999994   	0.949277   	0          	0          	0          	0          	0          	0          	0          	0          	0.118177   	0.122728   	31.354     	31.3486    	0          	0          	0          	0          	0          	0          	0          	0          	7958.16	-nan	-nan	-7.8704e-05	-2.13592e-05	0.999994   	0.949277   	0.118177   	0.122728   	31.354     	31.3486    	7958.16	
3e-12      	7.8        	-0.000120613	0.000110215	0.999995   	0.951785   	0          	0          	0          	0          	0          	0          	0          	0          	0.0988961  	0.114471   	0.00595412 	0.00595992 	0          	0          	0          	0          	0          	0          	0          	0          	1.47281	-nan	-nan	-0.000120613	0.000110215	0.999995   	0.951785   	0.0988961  	0.114471   	0.00595412 	0.00595992 	1.47281	
4e-12      	7.6        	-9.1199e-05	-0.000444604	0.999996   	0.950596   	0          	0          	0          	0          	0          	0          	0          	0          	0.0927249  	0.102503   	0.0062839  	0.00628541 	0          	0          	0          	0          	0          	0          	0          	0          	1.47719	-nan	-nan	-9.1199e-05	-0.000444604	0.999996   	0.950596   	0.0927249  	0.102503   	0.0062839  	0.00628541 	1.47719	
5e-12      	7.4        	-0.000171355	-0.000104422	0.999995   	0.949237   	0          	0          	0          	0          	0          	0          	0          	0          	0.112224   	0.132143   	0.00635133 	0.00635186 	0          	0          	0          	0          	0          	0          	0          	0          	1.41706	-nan	-nan	-0.000171355	-0.000104422	0.999995   	0.949237   	0.112224   	0.132143   	0.00635133 	0.00635186 	1.41706	
6e-12      	7.2        	0.000350852	0.000378355	0.999994   	0.947849   	0          	0          	0          	0          	0          	0          	0          	0          	0.124175   	0.116419   	0.00807459 	0.00808126 	0          	0          	0          	0          	0          	0          	0          	0          	1.70829	-nan	-nan	0.000350852	0.000378355	0.999994   	0.947849   	0.124175   	0.116419   	0.00807459 	0.00808126 	1.70829	
7e-12      	7          	0.000171885	-5.58933e-05	0.999993   	0.946338   	0          	0          	0          	0          	0          	0          	0          	0          	0.142466   	0.149706   	0.00824697 	0.00824109 	0          	0          	0          	0          	0          	0          	0          	0          	1.6522	-nan	-nan	0.000171885	-5.58933e-05	0.999993   	0.946338   	0.142466   	0.149706   	0.00824697 	0.00824109 	1.6522	
8e-12      	6.8        	0.000627462	0.000119496	0.999993   	0.944778   	0          	0          	0          	0          	0          	0          	0          	0          	0.133629   	0.149033   	0.00732638 	0.00732162 	0          	0          	0          	0          	0          	0          	0          	0          	1.38702	-nan	-nan	0.000627462	0.000119496	0.999993   	0.944778   	0.133629   	0.149033   	0.00732638 	0.00732162 	1.38702	
9e-12      	6.6        	-0.000186399	0.00037613 	0.999994   	0.9433     	0          	0          	0          	0          	0          	0          	0          	0          	0.129906   	0.147196   	0.00821494 	0.0082141  	0          	0          	0          	0          	0          	0          	0          	0          	1.46726	-nan	-nan	-0.000186399	0.00037613 	0.999994   	0.9433     	0.129906   	0.147196   	0.00821494 	0.0082141  	1.46726	
1e-11      	6.4        	-0.000137818	-9.91681e-05	0.999994   	0.941494   	0          	0          	0          	0          	0          	0          	0          	0          	0.145601   	0.121438   	0.0104249  	0.0104186  	0          	0          	0          	0          	0          	0          	0          	0          	1.75379	-nan	-nan	-0.000137818	-9.91681e-05	0.999994   	0.941494   	0.145601   	0.121438   	0.0104249  	0.0104186  	1.75379	
1.1e-11    	6.2        	-0.000236224	0.000583513	0.999994   	0.939638   	0          	0          	0          	0          	0          	0          	0          	0          	0.131003   	0.136233   	0.00992051 	0.00993629 	0          	0          	0          	0          	0          	0          	0          	0          	1.56907	-nan	-nan	-0.000236224	0.000583513	0.999994   	0.939638   	0.131003   	0.136233   	0.00992051 	0.00993629 	1.56907	
1.2e-11    	6          	-3.40522e-05	0.000469658	0.999993   	0.937689   	0          	0          	0          	0          	0          	0          	0          	0          	0.152299   	0.168059   	0.00899413 	0.00899788 	0          	0          	0          	0          	0          	0          	0          	0          	1.33507	-nan	-nan	-3.40522e-05	0.000469658	0.999993   	0.937689   	0.152299   	0.168059   	0.00899413 	0.00899788 	1.33507	
1.3e-11    	5.8        	-1.18083e-05	0.000306515	0.999993   	0.935648   	0          	0          	0          	0          	0          	0          	0          	0          	0.165971   	0.133879   	0.0128646  	0.0128891  	0          	0          	0          	0          	0          	0          	0          	0          	1.78769	-nan	-nan	-1.18083e-05	0.000306515	0.999993   	0.935648   	0.165971   	0.133879   	0.0128646  	0.0128891  	1.78769	
1.4e-11    	5.6        	0.000310993	-7.69037e-05	0.999992   	0.933461   	0          	0          	0          	0          	0          	0          	0          	0          	0.158874   	0.181863   	0.0118705  	0.0118483  	0          	0          	0          	0          	0          	0          	0          	0          	1.54143	-nan	-nan	0.000310993	-7.69037e-05	0.999992   	0.933461   	0.158874   	0.181863   	0.0118705  	0.0118483  	1.54143	
1.5e-11    	5.4        	-0.000107548	2.06445e-05	0.999993   	0.931051   	0          	0          	0          	0          	0          	0          	0          	0          	0.162235   	0.157333   	0.0112742  	0.011264   	0          	0          	0          	0          	0          	0          	0          	0          	1.36472	-nan	-nan	-0.000107548	2.06445e-05	0.999993   	0.931051   	0.162235   	0.157333   	0.0112742  	0.011264   	1.36472	
1.6e-11    	5.2        	0.000418541	0.000559892	0.999993   	0.928355   	0          	0          	0          	0          	0          	0          	0          	0          	0.133454   	0.165234   	0.0122305  	0.0122467  	0          	0          	0          	0          	0          	0          	0          	0          	1.37534	-nan	-nan	0.000418541	0.000559892	0.999993   	0.928355   	0.133454   	0.165234   	0.0122305  	0.0122467  	1.37534	
1.7e-11    	5          	-2.23263e-06	-0.000272153	0.999992   	0.925604   	0          	0          	0          	0          	0          	0          	0          	0          	0.171329   	0.187278   	0.0153813  	0.0153966  	0          	0          	0          	0          	0          	0          	0          	0          	1.60336	-nan	-nan	-2.23263e-06	-0.000272153	0.999992   	0.925604   	0.171329   	0.187278   	0.0153813  	0.0153966  	1.60336	
1.8e-11    	4.8        	0.00025275 	-5.71902e-05	0.999991   	0.922664   	0          	0          	0          	0          	0          	0          	0          	0          	0.181813   	0.196583   	0.0127016  	0.0126869  	0          	0          	0          	0          	0          	0          	0          	0          	1.22367	-nan	-nan	0.00025275 	-5.71902e-05	0.999991   	0.922664   	0.181813   	0.196583   	0.0127016  	0.0126869  	1.22367	
1.9e-11    	4.6        	-0.000132111	2.07229e-05	0.999991   	0.919389   	0          	0          	0          	0          	0          	0          	0          	0          	0.193581   	0.179258   	0.0172016  	0.0172225  	0          	0          	0          	0          	0          	0          	0          	0          	1.52599	-nan	-nan	-0.000132111	2.07229e-05	0.999991   	0.919389   	0.193581   	0.179258   	0.0172016  	0.0172225  	1.52599	
2e-11      	4.4        	-0.000520487	1.92879e-05	0.999989   	0.915898   	0          	0          	0          	0          	0          	0          	0          	0          	0.241142   	0.196813   	0.0203572  	0.0203405  	0          	0          	0          	0          	0          	0          	0          	0          	1.65914	-nan	-nan	-0.000520487	1.92879e-05	0.999989   	0.915898   	0.241142   	0.196813   	0.0203572  	0.0203405  	1.65914	
2.1e-11    	4.2        	-0.000311111	-0.000282216	0.99999    	0.912015   	0          	0          	0          	0          	0          	0          	0          	0          	0.196887   	0.213055   	0.0193037  	0.019297   	0          	0          	0          	0          	0          	0          	0          	0          	1.43646	-nan	-nan	-0.000311111	-0.000282216	0.99999    	0.912015   	0.196887   	0.213055   	0.0193037  	0.019297   	1.43646	
2.2e-11    	4          	-0.000317447	-0.000714514	0.99999    	0.907901   	0          	0          	0          	0          	0          	0          	0          	0          	0.207451   	0.202255   	0.0213812  	0.0214073  	0          	0          	0          	0          	0          	0          	0          	0          	1.44915	-nan	-nan	-0.000317447	-0.000714514	0.99999    	0.907901   	0.207451   	0.202255   	0.0213812  	0.0214073  	1.44915	
2.3e-11    	3.8        	-0.000365268	5.39328e-06	0.999989   	0.903113   	0          	0          	0          	0          	0          	0          	0          	0          	0.215547   	0.207463   	0.0323144  	0.0322881  	0          	0          	0          	0          	0          	0          	0          	0          	1.9819	-nan	-nan	-0.000365268	5.39328e-06	0.999989   	0.903113   	0.215547   	0.207463   	0.0323144  	0.0322881  	1.9819	
2.4e-11    	3.6        	-0.000314531	0.000313725	0.999989   	0.898043   	0          	0          	0          	0          	0          	0          	0          	0          	0.227668   	0.202248   	0.0272741  	0.0272725  	0          	0          	0          	0          	0          	0          	0          	0          	1.50947	-nan	-nan	-0.000314531	0.000313725	0.999989   	0.898043   	0.227668   	0.202248   	0.0272741  	0.0272725  	1.50947	
2.5e-11    	3.4        	0.000485368	0.000515367	0.999987   	0.892206   	0          	0          	0          	0          	0          	0          	0          	0          	0.226753   	0.270167   	0.0306208  	0.0306345  	0          	0          	0          	0          	0          	0          	0          	0          	1.51647	-nan	-nan	0.000485368	0.000515367	0.999987   	0.892206   	0.226753   	0.270167   	0.0306208  	0.0306345  	1.51647	
2.6e-11    	3.2        	-0.000447056	9.20884e-05	0.999987   	0.885666   	0          	0          	0          	0          	0          	0          	0          	0          	0.248196   	0.254411   	0.0321812  	0.0322385  	0          	0          	0          	0          	0          	0          	0          	0          	1.41877	-nan	-nan	-0.000447056	9.20884e-05	0.999987   	0.885666   	0.248196   	0.254411   	0.0321812  	0.0322385  	1.41877	
2.7e-11    	3          	-0.000339262	0.000632411	0.999985   	0.87843    	0          	0          	0          	0          	0          	0          	0          	0          	0.268306   	0.295181   	0.033899   	0.0338648  	0          	0          	0          	0          	0          	0          	0          	0          	1.32043	-nan	-nan	-0.000339262	0.000632411	0.999985   	0.87843    	0.268306   	0.295181   	0.033899   	0.0338648  	1.32043	
2.8e-11    	2.8        	-0.000171354	8.73156e-05	0.999984   	0.870038   	0          	0          	0          	0          	0          	0          	0          	0          	0.284046   	0.310204   	0.0494582  	0.0494188  	0          	0          	0          	0          	0          	0          	0          	0          	1.68311	-nan	-nan	-0.000171354	8.73156e-05	0.999984   	0.870038   	0.284046   	0.310204   	0.0494582  	0.0494188  	1.68311	
2.9e-11    	2.6        	0.000414154	-0.000526871	0.999983   	0.860451   	0          	0          	0          	0          	0          	0          	0          	0          	0.319268   	0.304366   	0.048948   	0.0489711  	0          	0          	0          	0          	0          	0          	0          	0          	1.4486	-nan	-nan	0.000414154	-0.000526871	0.999983   	0.860451   	0.319268   	0.304366   	0.048948   	0.0489711  	1.4486	
3e-11      	2.4        	-0.000207341	-0.000989189	0.99998    	0.849309   	0          	0          	0          	0          	0          	0          	0          	0          	0.356374   	0.325014   	0.0625317  	0.0625742  	0          	0          	0          	0          	0          	0          	0          	0          	1.57934	-nan	-nan	-0.000207341	-0.000989189	0.99998    	0.849309   	0.356374   	0.325014   	0.0625317  	0.0625742  	1.57934	
3.1e-11    	2.2        	3.15326e-05	-0.000143764	0.999978   	0.836068   	0          	0          	0          	0          	0          	0          	0          	0          	0.391086   	0.362759   	0.0803818  	0.0803223  	0          	0          	0          	0          	0          	0          	0          	0          	1.72498	-nan	-nan	3.15326e-05	-0.000143764	0.999978   	0.836068   	0.391086   	0.362759   	0.0803818  	0.0803223  	1.72498	
3.2e-11    	2          	3.18644e-05	-0.000532769	0.999978   	0.820446   	0          	0          	0          	0          	0          	0          	0          	0          	0.359233   	0.370449   	0.112266   	0.112163   	0          	0          	0          	0          	0          	0          	0          	0          	1.99483	-nan	-nan	3.18644e-05	-0.000532769	0.999978   	0.820446   	0.359233   	0.370449   	0.112266   	0.112163   	1.99483	
3.3e-11    	1.8        	0.000498484	0.000354233	0.999975   	0.801286   	0          	0          	0          	0          	0          	0          	0          	0          	0.391659   	0.406049   	0.118689   	0.118578   	0          	0          	0          	0          	0          	0          	0          	0          	1.7154	-nan	-nan	0.000498484	0.000354233	0.999975   	0.801286   	0.391659   	0.406049   	0.118689   	0.118578   	1.7154	
3.4e-11    	1.6        	-0.000161012	-3.82822e-05	0.999972   	0.777067   	0          	0          	0          	0          	0          	0          	0          	0          	0.459619   	0.384623   	0.133008   	0.133149   	0          	0          	0          	0          	0          	0          	0          	0          	1.53576	-nan	-nan	-0.000161012	-3.82822e-05	0.999972   	0.777067   	0.459619   	0.384623   	0.133008   	0.133149   	1.53576	
3.5e-11    	1.4        	-0.000593637	-0.000376268	0.999964   	0.746238   	0          	0          	0          	0          	0          	0          	0          	0          	0.459982   	0.525425   	0.228967   	0.229311   	0          	0          	0          	0          	0          	0          	0          	0          	2.03476	-nan	-nan	-0.000593637	-0.000376268	0.999964   	0.746238   	0.459982   	0.525425   	0.228967   	0.229311   	2.03476	
3.6e-11    	1.2        	-0.00048068	0.000284235	0.999958   	0.705873   	0          	0          	0          	0          	0          	0          	0          	0          	0.538141   	0.48988    	0.292806   	0.292702   	0          	0          	0          	0          	0          	0          	0          	0          	1.91454	-nan	-nan	-0.00048068	0.000284235	0.999958   	0.705873   	0.538141   	0.48988    	0.292806   	0.292702   	1.91454	
3.7e-11    	1          	-0.000315987	0.000104117	0.99995    	0.651284   	0          	0          	0          	0          	0          	0          	0          	0          	0.530217   	0.525732   	0.404025   	0.403705   	0          	0          	0          	0          	0          	0          	0          	0          	1.84247	-nan	-nan	-0.000315987	0.000104117	0.99995    	0.651284   	0.530217   	0.525732   	0.404025   	0.403705   	1.84247	
3.8e-11    	0.8        	0.000644482	0.00102497 	0.999923   	0.578585   	0          	0          	0          	0          	0          	0          	0          	0          	0.649443   	0.612374   	0.606731   	0.607301   	0          	0          	0          	0          	0          	0          	0          	0          	1.7683	-nan	-nan	0.000644482	0.00102497 	0.999923   	0.578585   	0.649443   	0.612374   	0.606731   	0.607301   	1.7683	
3.9e-11    	0.6        	0.000198495	0.00072537 	0.999878   	0.477644   	0          	0          	0          	0          	0          	0          	0          	0          	0.734082   	0.636417   	0.873848   	0.873204   	0          	0          	0          	0          	0          	0          	0          	0          	1.46115	-nan	-nan	0.000198495	0.00072537 	0.999878   	0.477644   	0.734082   	0.636417   	0.873848   	0.873204   	1.46115	
4e-11      	0.4        	0.000125554	0.000824518	0.999756   	0.34658    	0          	0          	0          	0          	0          	0          	0          	0          	0.754125   	0.694085   	0.983597   	0.981756   	0          	0          	0          	0          	0          	0          	0          	0          	0.745458	-nan	-nan	0.000125554	0.000824518	0.999756   	0.34658    	0.754125   	0.694085   	0.983597   	0.981756   	0.745458	
4.1e-11    	0.2        	0.00289084 	0.000629798	0.999095   	0.182714   	0          	0          	0          	0          	0          	0          	0          	0          	0.74315    	0.741949   	1.11825    	1.11635    	0          	0          	0          	0          	0          	0          	0          	0          	0.214876	-nan	-nan	0.00289084 	0.000629798	0.999095   	0.182714   	0.74315    	0.741949   	1.11825    	1.11635    	0.214876	
4.2e-11    	-0         	-0.0420685 	0.0258031  	0.0352241  	0.00954994 	0          	0          	0          	0          	0          	0          	0          	0          	0.883705   	0.78127    	1.1248     	0.54261    	0          	0          	0          	0          	0          	0          	0          	0          	0.0138846	-nan	-nan	-0.0420685 	0.0258031  	0.0352241  	0.00954994 	0.883705   	0.78127    	1.1248     	0.54261    	0.0138846	
