#----------------------------------------------------------------------------------------------------------------------------------------------------------
# Output file for vampire simulation
#   time       : 2025-10-19 20:23:36     process id : 91205
#   hostname   : 53a6091906e1
#   path       : /content/drive/MyDrive/Colab Notebooks/vampire phase diagram
#   version    : 7.0.0
#   githash    : 525bc27ee44c525aee229570f30f3d4c61d54f66
#----------------------------------------------------------------------------------------------------------------------------------------------------------
2e-12      	8          	-0.000576778	-0.000213583	0.999993   	0.945731   	0          	0          	0          	0          	0          	0          	0          	0          	0.117494   	0.126662   	28.1492    	28.1404    	0          	0          	0          	0          	0          	0          	0          	0          	6633.03	-nan	-nan	-0.000576778	-0.000213583	0.999993   	0.945731   	0.117494   	0.126662   	28.1492    	28.1404    	6633.03	
3e-12      	7.8        	-2.21016e-05	0.000255159	0.999994   	0.948004   	0          	0          	0          	0          	0          	0          	0          	0          	0.114683   	0.111858   	0.00704742 	0.00705899 	0          	0          	0          	0          	0          	0          	0          	0          	1.61734	-nan	-nan	-2.21016e-05	0.000255159	0.999994   	0.948004   	0.114683   	0.111858   	0.00704742 	0.00705899 	1.61734	
4e-12      	7.6        	0.000228426	-0.00016183	0.999995   	0.94668    	0          	0          	0          	0          	0          	0          	0          	0          	0.117452   	0.101397   	0.00600316 	0.00600191 	0          	0          	0          	0          	0          	0          	0          	0          	1.30974	-nan	-nan	0.000228426	-0.00016183	0.999995   	0.94668    	0.117452   	0.101397   	0.00600316 	0.00600191 	1.30974	
5e-12      	7.4        	7.03343e-05	-0.000295172	0.999994   	0.945282   	0          	0          	0          	0          	0          	0          	0          	0          	0.128762   	0.119476   	0.00669345 	0.00669163 	0          	0          	0          	0          	0          	0          	0          	0          	1.38635	-nan	-nan	7.03343e-05	-0.000295172	0.999994   	0.945282   	0.128762   	0.119476   	0.00669345 	0.00669163 	1.38635	
6e-12      	7.2        	0.000149143	0.000328243	0.999994   	0.943771   	0          	0          	0          	0          	0          	0          	0          	0          	0.121037   	0.128394   	0.00938411 	0.00937933 	0          	0          	0          	0          	0          	0          	0          	0          	1.84224	-nan	-nan	0.000149143	0.000328243	0.999994   	0.943771   	0.121037   	0.128394   	0.00938411 	0.00937933 	1.84224	
7e-12      	7          	-0.000269832	-6.19094e-05	0.999994   	0.942272   	0          	0          	0          	0          	0          	0          	0          	0          	0.111284   	0.121837   	0.00708417 	0.00708986 	0          	0          	0          	0          	0          	0          	0          	0          	1.31656	-nan	-nan	-0.000269832	-6.19094e-05	0.999994   	0.942272   	0.111284   	0.121837   	0.00708417 	0.00708986 	1.31656	
8e-12      	6.8        	0.000523091	-4.74375e-06	0.999994   	0.940666   	0          	0          	0          	0          	0          	0          	0          	0          	0.125497   	0.117487   	0.00733787 	0.00733272 	0          	0          	0          	0          	0          	0          	0          	0          	1.28897	-nan	-nan	0.000523091	-4.74375e-06	0.999994   	0.940666   	0.125497   	0.117487   	0.00733787 	0.00733272 	1.28897	
9e-12      	6.6        	0.000428653	0.000355405	0.999993   	0.938821   	0          	0          	0          	0          	0          	0          	0          	0          	0.126913   	0.159521   	0.0109258  	0.0109275  	0          	0          	0          	0          	0          	0          	0          	0          	1.81069	-nan	-nan	0.000428653	0.000355405	0.999993   	0.938821   	0.126913   	0.159521   	0.0109258  	0.0109275  	1.81069	
1e-11      	6.4        	0.000292355	0.000301582	0.999993   	0.937025   	0          	0          	0          	0          	0          	0          	0          	0          	0.157986   	0.129322   	0.00842574 	0.00843293 	0          	0          	0          	0          	0          	0          	0          	0          	1.31524	-nan	-nan	0.000292355	0.000301582	0.999993   	0.937025   	0.157986   	0.129322   	0.00842574 	0.00843293 	1.31524	
1.1e-11    	6.2        	-4.14616e-05	0.000114413	0.999993   	0.9349     	0          	0          	0          	0          	0          	0          	0          	0          	0.160997   	0.130047   	0.0101683  	0.0101592  	0          	0          	0          	0          	0          	0          	0          	0          	1.49227	-nan	-nan	-4.14616e-05	0.000114413	0.999993   	0.9349     	0.160997   	0.130047   	0.0101683  	0.0101592  	1.49227	
1.2e-11    	6          	-6.93817e-05	0.000816793	0.999993   	0.932808   	0          	0          	0          	0          	0          	0          	0          	0          	0.141915   	0.145079   	0.0107914  	0.0107903  	0          	0          	0          	0          	0          	0          	0          	0          	1.4859	-nan	-nan	-6.93817e-05	0.000816793	0.999993   	0.932808   	0.141915   	0.145079   	0.0107914  	0.0107903  	1.4859	
1.3e-11    	5.8        	-9.1833e-05	0.0004419  	0.999991   	0.930708   	0          	0          	0          	0          	0          	0          	0          	0          	0.208018   	0.159827   	0.0113507  	0.011364   	0          	0          	0          	0          	0          	0          	0          	0          	1.46368	-nan	-nan	-9.1833e-05	0.0004419  	0.999991   	0.930708   	0.208018   	0.159827   	0.0113507  	0.011364   	1.46368	
1.4e-11    	5.6        	0.000252217	-0.000282717	0.999992   	0.928185   	0          	0          	0          	0          	0          	0          	0          	0          	0.157063   	0.152123   	0.0124033  	0.0124102  	0          	0          	0          	0          	0          	0          	0          	0          	1.49356	-nan	-nan	0.000252217	-0.000282717	0.999992   	0.928185   	0.157063   	0.152123   	0.0124033  	0.0124102  	1.49356	
1.5e-11    	5.4        	8.36567e-06	2.26621e-05	0.999992   	0.925628   	0          	0          	0          	0          	0          	0          	0          	0          	0.168035   	0.144362   	0.0121542  	0.0121569  	0          	0          	0          	0          	0          	0          	0          	0          	1.36255	-nan	-nan	8.36567e-06	2.26621e-05	0.999992   	0.925628   	0.168035   	0.144362   	0.0121542  	0.0121569  	1.36255	
1.6e-11    	5.2        	-0.000196049	-7.41457e-05	0.99999    	0.92284    	0          	0          	0          	0          	0          	0          	0          	0          	0.174157   	0.1997     	0.0147226  	0.0147317  	0          	0          	0          	0          	0          	0          	0          	0          	1.53557	-nan	-nan	-0.000196049	-7.41457e-05	0.99999    	0.92284    	0.174157   	0.1997     	0.0147226  	0.0147317  	1.53557	
1.7e-11    	5          	-0.000329469	-0.000318624	0.999991   	0.919989   	0          	0          	0          	0          	0          	0          	0          	0          	0.171301   	0.174802   	0.01342    	0.0134235  	0          	0          	0          	0          	0          	0          	0          	0          	1.29819	-nan	-nan	-0.000329469	-0.000318624	0.999991   	0.919989   	0.171301   	0.174802   	0.01342    	0.0134235  	1.29819	
1.8e-11    	4.8        	7.87279e-06	-0.000275382	0.999991   	0.916655   	0          	0          	0          	0          	0          	0          	0          	0          	0.19598    	0.166633   	0.0197606  	0.0197324  	0          	0          	0          	0          	0          	0          	0          	0          	1.76479	-nan	-nan	7.87279e-06	-0.000275382	0.999991   	0.916655   	0.19598    	0.166633   	0.0197606  	0.0197324  	1.76479	
1.9e-11    	4.6        	5.51331e-05	-0.000377227	0.99999    	0.913151   	0          	0          	0          	0          	0          	0          	0          	0          	0.185659   	0.19424    	0.021875   	0.0218926  	0          	0          	0          	0          	0          	0          	0          	0          	1.80235	-nan	-nan	5.51331e-05	-0.000377227	0.99999    	0.913151   	0.185659   	0.19424    	0.021875   	0.0218926  	1.80235	
2e-11      	4.4        	-4.98158e-05	0.000171354	0.99999    	0.909411   	0          	0          	0          	0          	0          	0          	0          	0          	0.195245   	0.203769   	0.0194175  	0.0194323  	0          	0          	0          	0          	0          	0          	0          	0          	1.46624	-nan	-nan	-4.98158e-05	0.000171354	0.99999    	0.909411   	0.195245   	0.203769   	0.0194175  	0.0194323  	1.46624	
2.1e-11    	4.2        	0.000231367	-2.03543e-05	0.999989   	0.905212   	0          	0          	0          	0          	0          	0          	0          	0          	0.212289   	0.21188    	0.0205573  	0.0205666  	0          	0          	0          	0          	0          	0          	0          	0          	1.41947	-nan	-nan	0.000231367	-2.03543e-05	0.999989   	0.905212   	0.212289   	0.21188    	0.0205573  	0.0205666  	1.41947	
2.2e-11    	4          	-0.000924971	-0.000159981	0.999989   	0.900563   	0          	0          	0          	0          	0          	0          	0          	0          	0.194948   	0.196072   	0.024709   	0.0247061  	0          	0          	0          	0          	0          	0          	0          	0          	1.55172	-nan	-nan	-0.000924971	-0.000159981	0.999989   	0.900563   	0.194948   	0.196072   	0.024709   	0.0247061  	1.55172	
2.3e-11    	3.8        	0.000326458	-0.000147527	0.999987   	0.895659   	0          	0          	0          	0          	0          	0          	0          	0          	0.210727   	0.269058   	0.0270818  	0.0271018  	0          	0          	0          	0          	0          	0          	0          	0          	1.54097	-nan	-nan	0.000326458	-0.000147527	0.999987   	0.895659   	0.210727   	0.269058   	0.0270818  	0.0271018  	1.54097	
2.4e-11    	3.6        	-0.000286375	-2.12524e-05	0.999987   	0.890016   	0          	0          	0          	0          	0          	0          	0          	0          	0.24514    	0.233497   	0.0307851  	0.0307702  	0          	0          	0          	0          	0          	0          	0          	0          	1.57714	-nan	-nan	-0.000286375	-2.12524e-05	0.999987   	0.890016   	0.24514    	0.233497   	0.0307851  	0.0307702  	1.57714	
2.5e-11    	3.4        	0.000118923	-0.000115587	0.999985   	0.883821   	0          	0          	0          	0          	0          	0          	0          	0          	0.271979   	0.265913   	0.0294728  	0.0294486  	0          	0          	0          	0          	0          	0          	0          	0          	1.35285	-nan	-nan	0.000118923	-0.000115587	0.999985   	0.883821   	0.271979   	0.265913   	0.0294728  	0.0294486  	1.35285	
2.6e-11    	3.2        	-0.000315375	-0.000150638	0.999985   	0.876633   	0          	0          	0          	0          	0          	0          	0          	0          	0.252029   	0.272935   	0.0383792  	0.0384833  	0          	0          	0          	0          	0          	0          	0          	0          	1.5658	-nan	-nan	-0.000315375	-0.000150638	0.999985   	0.876633   	0.252029   	0.272935   	0.0383792  	0.0384833  	1.5658	
2.7e-11    	3          	-0.000321233	-0.000468827	0.999985   	0.868905   	0          	0          	0          	0          	0          	0          	0          	0          	0.244888   	0.261825   	0.0463491  	0.0464251  	0          	0          	0          	0          	0          	0          	0          	0          	1.67262	-nan	-nan	-0.000321233	-0.000468827	0.999985   	0.868905   	0.244888   	0.261825   	0.0463491  	0.0464251  	1.67262	
2.8e-11    	2.8        	-7.08932e-05	-2.84897e-05	0.999984   	0.859732   	0          	0          	0          	0          	0          	0          	0          	0          	0.286942   	0.254487   	0.0502     	0.0501353  	0          	0          	0          	0          	0          	0          	0          	0          	1.58689	-nan	-nan	-7.08932e-05	-2.84897e-05	0.999984   	0.859732   	0.286942   	0.254487   	0.0502     	0.0501353  	1.58689	
2.9e-11    	2.6        	-5.4092e-05	3.47105e-06	0.999981   	0.849355   	0          	0          	0          	0          	0          	0          	0          	0          	0.311336   	0.307399   	0.0683113  	0.068326   	0          	0          	0          	0          	0          	0          	0          	0          	1.87028	-nan	-nan	-5.4092e-05	3.47105e-06	0.999981   	0.849355   	0.311336   	0.307399   	0.0683113  	0.068326   	1.87028	
3e-11      	2.4        	-6.53439e-05	0.000337325	0.99998    	0.837333   	0          	0          	0          	0          	0          	0          	0          	0          	0.360692   	0.267146   	0.0709101  	0.0707708  	0          	0          	0          	0          	0          	0          	0          	0          	1.66045	-nan	-nan	-6.53439e-05	0.000337325	0.99998    	0.837333   	0.360692   	0.267146   	0.0709101  	0.0707708  	1.66045	
3.1e-11    	2.2        	-5.39301e-05	0.000476176	0.999978   	0.823038   	0          	0          	0          	0          	0          	0          	0          	0          	0.316429   	0.360762   	0.0868272  	0.0868233  	0          	0          	0          	0          	0          	0          	0          	0          	1.71497	-nan	-nan	-5.39301e-05	0.000476176	0.999978   	0.823038   	0.316429   	0.360762   	0.0868272  	0.0868233  	1.71497	
3.2e-11    	2          	0.000248148	-0.000120913	0.999974   	0.805738   	0          	0          	0          	0          	0          	0          	0          	0          	0.427591   	0.360147   	0.112642   	0.112537   	0          	0          	0          	0          	0          	0          	0          	0          	1.8477	-nan	-nan	0.000248148	-0.000120913	0.999974   	0.805738   	0.427591   	0.360147   	0.112642   	0.112537   	1.8477	
3.3e-11    	1.8        	-0.000227698	-0.000190926	0.999972   	0.785563   	0          	0          	0          	0          	0          	0          	0          	0          	0.410911   	0.390746   	0.126817   	0.126704   	0          	0          	0          	0          	0          	0          	0          	0          	1.69613	-nan	-nan	-0.000227698	-0.000190926	0.999972   	0.785563   	0.410911   	0.390746   	0.126817   	0.126704   	1.69613	
3.4e-11    	1.6        	-0.00016078	-0.000765142	0.999967   	0.758751   	0          	0          	0          	0          	0          	0          	0          	0          	0.383489   	0.476628   	0.162043   	0.162043   	0          	0          	0          	0          	0          	0          	0          	0          	1.72459	-nan	-nan	-0.00016078	-0.000765142	0.999967   	0.758751   	0.383489   	0.476628   	0.162043   	0.162043   	1.72459	
3.5e-11    	1.4        	-0.000141143	-0.000433123	0.999962   	0.725699   	0          	0          	0          	0          	0          	0          	0          	0          	0.512851   	0.405599   	0.250516   	0.250425   	0          	0          	0          	0          	0          	0          	0          	0          	2.03083	-nan	-nan	-0.000141143	-0.000433123	0.999962   	0.725699   	0.512851   	0.405599   	0.250516   	0.250425   	2.03083	
3.6e-11    	1.2        	-0.00109756	-0.00031561	0.999952   	0.683125   	0          	0          	0          	0          	0          	0          	0          	0          	0.523277   	0.501036   	0.328418   	0.328121   	0          	0          	0          	0          	0          	0          	0          	0          	1.94893	-nan	-nan	-0.00109756	-0.00031561	0.999952   	0.683125   	0.523277   	0.501036   	0.328418   	0.328121   	1.94893	
3.7e-11    	1          	-0.00123946	-0.00031678	0.999938   	0.626279   	0          	0          	0          	0          	0          	0          	0          	0          	0.54091    	0.568199   	0.403943   	0.404133   	0          	0          	0          	0          	0          	0          	0          	0          	1.68889	-nan	-nan	-0.00123946	-0.00031678	0.999938   	0.626279   	0.54091    	0.568199   	0.403943   	0.404133   	1.68889	
3.8e-11    	0.8        	0.000472147	0.000525241	0.999907   	0.550298   	0          	0          	0          	0          	0          	0          	0          	0          	0.665499   	0.625376   	0.557326   	0.557948   	0          	0          	0          	0          	0          	0          	0          	0          	1.48596	-nan	-nan	0.000472147	0.000525241	0.999907   	0.550298   	0.665499   	0.625376   	0.557326   	0.557948   	1.48596	
3.9e-11    	0.6        	0.000337827	-0.000650345	0.999858   	0.4512     	0          	0          	0          	0          	0          	0          	0          	0          	0.693652   	0.631887   	0.765081   	0.764742   	0          	0          	0          	0          	0          	0          	0          	0          	1.1827	-nan	-nan	0.000337827	-0.000650345	0.999858   	0.4512     	0.693652   	0.631887   	0.765081   	0.764742   	1.1827	
4e-11      	0.4        	-0.000559714	0.000254316	0.999708   	0.323212   	0          	0          	0          	0          	0          	0          	0          	0          	0.691262   	0.712966   	0.909502   	0.909721   	0          	0          	0          	0          	0          	0          	0          	0          	0.625102	-nan	-nan	-0.000559714	0.000254316	0.999708   	0.323212   	0.691262   	0.712966   	0.909502   	0.909721   	0.625102	
4.1e-11    	0.2        	-0.00282186	-0.000336201	0.998884   	0.170315   	0          	0          	0          	0          	0          	0          	0          	0          	0.756966   	0.722157   	1.05419    	1.05221    	0          	0          	0          	0          	0          	0          	0          	0          	0.188222	-nan	-nan	-0.00282186	-0.000336201	0.998884   	0.170315   	0.756966   	0.722157   	1.05419    	1.05221    	0.188222	
4.2e-11    	-0         	-0.0525602 	-0.0266327 	-0.0605562 	0.00955397 	0          	0          	0          	0          	0          	0          	0          	0          	0.83449    	0.718997   	1.0101     	0.484274   	0          	0          	0          	0          	0          	0          	0          	0          	0.0115034	-nan	-nan	-0.0525602 	-0.0266327 	-0.0605562 	0.00955397 	0.83449    	0.718997   	1.0101     	0.484274   	0.0115034	
