#----------------------------------------------------------------------------------------------------------------------------------------------------------
# Output file for vampire simulation
#   time       : 2025-10-19 19:42:08     process id : 81077
#   hostname   : 53a6091906e1
#   path       : /content/drive/MyDrive/Colab Notebooks/vampire phase diagram
#   version    : 7.0.0
#   githash    : 525bc27ee44c525aee229570f30f3d4c61d54f66
#----------------------------------------------------------------------------------------------------------------------------------------------------------
2e-12      	8          	-6.67663e-05	-0.00010304	0.999998   	0.986937   	0          	0          	0          	0          	0          	0          	0          	0          	0.130477   	0.146843   	171.709    	171.677    	0          	0          	0          	0          	0          	0          	0          	0          	226870	-nan	-nan	-6.67663e-05	-0.00010304	0.999998   	0.986937   	0.130477   	0.146843   	171.709    	171.677    	226870	
3e-12      	7.8        	-0.000113797	6.71451e-05	0.999999   	0.990747   	0          	0          	0          	0          	0          	0          	0          	0          	0.120576   	0.14366    	0.000825777	0.000823552	0          	0          	0          	0          	0          	0          	0          	0          	1.06691	-nan	-nan	-0.000113797	6.71451e-05	0.999999   	0.990747   	0.120576   	0.14366    	0.000825777	0.000823552	1.06691	
4e-12      	7.6        	-0.00015204	-0.00012774	0.999999   	0.9905     	0          	0          	0          	0          	0          	0          	0          	0          	0.120575   	0.137045   	0.00135665 	0.00135527 	0          	0          	0          	0          	0          	0          	0          	0          	1.66661	-nan	-nan	-0.00015204	-0.00012774	0.999999   	0.9905     	0.120575   	0.137045   	0.00135665 	0.00135527 	1.66661	
5e-12      	7.4        	-2.50694e-05	5.65142e-05	0.999999   	0.990253   	0          	0          	0          	0          	0          	0          	0          	0          	0.150916   	0.135086   	0.00117351 	0.00117481 	0          	0          	0          	0          	0          	0          	0          	0          	1.36887	-nan	-nan	-2.50694e-05	5.65142e-05	0.999999   	0.990253   	0.150916   	0.135086   	0.00117351 	0.00117481 	1.36887	
6e-12      	7.2        	-9.08483e-05	-6.7747e-05	0.999999   	0.990001   	0          	0          	0          	0          	0          	0          	0          	0          	0.150119   	0.124668   	0.00117779 	0.00117968 	0          	0          	0          	0          	0          	0          	0          	0          	1.3029	-nan	-nan	-9.08483e-05	-6.7747e-05	0.999999   	0.990001   	0.150119   	0.124668   	0.00117779 	0.00117968 	1.3029	
7e-12      	7          	0.000165347	0.000157146	0.999999   	0.989728   	0          	0          	0          	0          	0          	0          	0          	0          	0.13769    	0.12493    	0.00137994 	0.00138019 	0          	0          	0          	0          	0          	0          	0          	0          	1.44535	-nan	-nan	0.000165347	0.000157146	0.999999   	0.989728   	0.13769    	0.12493    	0.00137994 	0.00138019 	1.44535	
8e-12      	6.8        	0.000203013	-1.77147e-05	0.999999   	0.98942    	0          	0          	0          	0          	0          	0          	0          	0          	0.139414   	0.13303    	0.0013745  	0.00137364 	0          	0          	0          	0          	0          	0          	0          	0          	1.36113	-nan	-nan	0.000203013	-1.77147e-05	0.999999   	0.98942    	0.139414   	0.13303    	0.0013745  	0.00137364 	1.36113	
9e-12      	6.6        	0.00011552 	0.000129902	0.999999   	0.989106   	0          	0          	0          	0          	0          	0          	0          	0          	0.155838   	0.115442   	0.0017404  	0.00173929 	0          	0          	0          	0          	0          	0          	0          	0          	1.62687	-nan	-nan	0.00011552 	0.000129902	0.999999   	0.989106   	0.155838   	0.115442   	0.0017404  	0.00173929 	1.62687	
1e-11      	6.4        	9.35195e-05	-0.000174723	0.999999   	0.9888     	0          	0          	0          	0          	0          	0          	0          	0          	0.147378   	0.166951   	0.0017997  	0.00179678 	0          	0          	0          	0          	0          	0          	0          	0          	1.58523	-nan	-nan	9.35195e-05	-0.000174723	0.999999   	0.9888     	0.147378   	0.166951   	0.0017997  	0.00179678 	1.58523	
1.1e-11    	6.2        	-6.80671e-05	0.000108242	0.999999   	0.988443   	0          	0          	0          	0          	0          	0          	0          	0          	0.130392   	0.139439   	0.00159051 	0.00158872 	0          	0          	0          	0          	0          	0          	0          	0          	1.31773	-nan	-nan	-6.80671e-05	0.000108242	0.999999   	0.988443   	0.130392   	0.139439   	0.00159051 	0.00158872 	1.31773	
1.2e-11    	6          	-0.000100978	0.0002278  	0.999999   	0.988063   	0          	0          	0          	0          	0          	0          	0          	0          	0.166434   	0.161535   	0.00197245 	0.00197129 	0          	0          	0          	0          	0          	0          	0          	0          	1.53419	-nan	-nan	-0.000100978	0.0002278  	0.999999   	0.988063   	0.166434   	0.161535   	0.00197245 	0.00197129 	1.53419	
1.3e-11    	5.8        	-8.57494e-05	5.83953e-05	0.999999   	0.987668   	0          	0          	0          	0          	0          	0          	0          	0          	0.169169   	0.166463   	0.00192953 	0.00192881 	0          	0          	0          	0          	0          	0          	0          	0          	1.40585	-nan	-nan	-8.57494e-05	5.83953e-05	0.999999   	0.987668   	0.169169   	0.166463   	0.00192953 	0.00192881 	1.40585	
1.4e-11    	5.6        	-7.36167e-05	0.000130982	0.999999   	0.98726    	0          	0          	0          	0          	0          	0          	0          	0          	0.15929    	0.15226    	0.00221339 	0.00221503 	0          	0          	0          	0          	0          	0          	0          	0          	1.5074	-nan	-nan	-7.36167e-05	0.000130982	0.999999   	0.98726    	0.15929    	0.15226    	0.00221339 	0.00221503 	1.5074	
1.5e-11    	5.4        	-0.000177076	4.43286e-05	0.999999   	0.986807   	0          	0          	0          	0          	0          	0          	0          	0          	0.165038   	0.152267   	0.00266545 	0.00266927 	0          	0          	0          	0          	0          	0          	0          	0          	1.69299	-nan	-nan	-0.000177076	4.43286e-05	0.999999   	0.986807   	0.165038   	0.152267   	0.00266545 	0.00266927 	1.69299	
1.6e-11    	5.2        	-0.000164412	-0.000184249	0.999999   	0.986313   	0          	0          	0          	0          	0          	0          	0          	0          	0.163028   	0.200634   	0.00243979 	0.0024387  	0          	0          	0          	0          	0          	0          	0          	0          	1.44159	-nan	-nan	-0.000164412	-0.000184249	0.999999   	0.986313   	0.163028   	0.200634   	0.00243979 	0.0024387  	1.44159	
1.7e-11    	5          	-0.000216892	-0.000253092	0.999998   	0.985782   	0          	0          	0          	0          	0          	0          	0          	0          	0.217132   	0.182732   	0.00261974 	0.00261827 	0          	0          	0          	0          	0          	0          	0          	0          	1.43591	-nan	-nan	-0.000216892	-0.000253092	0.999998   	0.985782   	0.217132   	0.182732   	0.00261974 	0.00261827 	1.43591	
1.8e-11    	4.8        	-0.000253895	8.31702e-06	0.999998   	0.985226   	0          	0          	0          	0          	0          	0          	0          	0          	0.187409   	0.20122    	0.00285388 	0.00284849 	0          	0          	0          	0          	0          	0          	0          	0          	1.447	-nan	-nan	-0.000253895	8.31702e-06	0.999998   	0.985226   	0.187409   	0.20122    	0.00285388 	0.00284849 	1.447	
1.9e-11    	4.6        	8.80736e-05	-0.00026222	0.999998   	0.984653   	0          	0          	0          	0          	0          	0          	0          	0          	0.223899   	0.214141   	0.00349312 	0.00350159 	0          	0          	0          	0          	0          	0          	0          	0          	1.63289	-nan	-nan	8.80736e-05	-0.00026222	0.999998   	0.984653   	0.223899   	0.214141   	0.00349312 	0.00350159 	1.63289	
2e-11      	4.4        	-0.000112161	0.000120803	0.999998   	0.983948   	0          	0          	0          	0          	0          	0          	0          	0          	0.224376   	0.200233   	0.00341429 	0.00341684 	0          	0          	0          	0          	0          	0          	0          	0          	1.4664	-nan	-nan	-0.000112161	0.000120803	0.999998   	0.983948   	0.224376   	0.200233   	0.00341429 	0.00341684 	1.4664	
2.1e-11    	4.2        	-8.7006e-05	2.43595e-05	0.999998   	0.983235   	0          	0          	0          	0          	0          	0          	0          	0          	0.190676   	0.250391   	0.0037081  	0.00370756 	0          	0          	0          	0          	0          	0          	0          	0          	1.4578	-nan	-nan	-8.7006e-05	2.43595e-05	0.999998   	0.983235   	0.190676   	0.250391   	0.0037081  	0.00370756 	1.4578	
2.2e-11    	4          	-2.04272e-05	-0.000168929	0.999998   	0.982443   	0          	0          	0          	0          	0          	0          	0          	0          	0.23379    	0.233097   	0.0043691  	0.00436711 	0          	0          	0          	0          	0          	0          	0          	0          	1.56563	-nan	-nan	-2.04272e-05	-0.000168929	0.999998   	0.982443   	0.23379    	0.233097   	0.0043691  	0.00436711 	1.56563	
2.3e-11    	3.8        	0.000206488	-3.98695e-05	0.999998   	0.981559   	0          	0          	0          	0          	0          	0          	0          	0          	0.245319   	0.266944   	0.00455829 	0.00455375 	0          	0          	0          	0          	0          	0          	0          	0          	1.48282	-nan	-nan	0.000206488	-3.98695e-05	0.999998   	0.981559   	0.245319   	0.266944   	0.00455829 	0.00455375 	1.48282	
2.4e-11    	3.6        	-0.00015357	0.000198217	0.999998   	0.980576   	0          	0          	0          	0          	0          	0          	0          	0          	0.275433   	0.258618   	0.00532781 	0.0053206  	0          	0          	0          	0          	0          	0          	0          	0          	1.56522	-nan	-nan	-0.00015357	0.000198217	0.999998   	0.980576   	0.275433   	0.258618   	0.00532781 	0.0053206  	1.56522	
2.5e-11    	3.4        	-7.14408e-05	-6.89458e-06	0.999998   	0.979496   	0          	0          	0          	0          	0          	0          	0          	0          	0.30435    	0.26744    	0.00646666 	0.00646171 	0          	0          	0          	0          	0          	0          	0          	0          	1.70613	-nan	-nan	-7.14408e-05	-6.89458e-06	0.999998   	0.979496   	0.30435    	0.26744    	0.00646666 	0.00646171 	1.70613	
2.6e-11    	3.2        	-0.000225573	-0.000223115	0.999997   	0.978326   	0          	0          	0          	0          	0          	0          	0          	0          	0.312635   	0.308087   	0.00654234 	0.00653742 	0          	0          	0          	0          	0          	0          	0          	0          	1.54028	-nan	-nan	-0.000225573	-0.000223115	0.999997   	0.978326   	0.312635   	0.308087   	0.00654234 	0.00653742 	1.54028	
2.7e-11    	3          	-6.2251e-05	-9.12162e-05	0.999997   	0.976932   	0          	0          	0          	0          	0          	0          	0          	0          	0.325468   	0.309623   	0.00738602 	0.00740352 	0          	0          	0          	0          	0          	0          	0          	0          	1.54218	-nan	-nan	-6.2251e-05	-9.12162e-05	0.999997   	0.976932   	0.325468   	0.309623   	0.00738602 	0.00740352 	1.54218	
2.8e-11    	2.8        	0.000286631	-0.000138734	0.999997   	0.975451   	0          	0          	0          	0          	0          	0          	0          	0          	0.275158   	0.38523    	0.00769371 	0.00768939 	0          	0          	0          	0          	0          	0          	0          	0          	1.41275	-nan	-nan	0.000286631	-0.000138734	0.999997   	0.975451   	0.275158   	0.38523    	0.00769371 	0.00768939 	1.41275	
2.9e-11    	2.6        	3.26767e-05	-0.000373856	0.999997   	0.973733   	0          	0          	0          	0          	0          	0          	0          	0          	0.345547   	0.344042   	0.0103773  	0.0103946  	0          	0          	0          	0          	0          	0          	0          	0          	1.66072	-nan	-nan	3.26767e-05	-0.000373856	0.999997   	0.973733   	0.345547   	0.344042   	0.0103773  	0.0103946  	1.66072	
3e-11      	2.4        	0.000122222	-1.37924e-05	0.999997   	0.971637   	0          	0          	0          	0          	0          	0          	0          	0          	0.332843   	0.445193   	0.010298   	0.0102927  	0          	0          	0          	0          	0          	0          	0          	0          	1.42168	-nan	-nan	0.000122222	-1.37924e-05	0.999997   	0.971637   	0.332843   	0.445193   	0.010298   	0.0102927  	1.42168	
3.1e-11    	2.2        	0.000240288	0.000120187	0.999997   	0.969402   	0          	0          	0          	0          	0          	0          	0          	0          	0.390797   	0.432442   	0.0143321  	0.0143146  	0          	0          	0          	0          	0          	0          	0          	0          	1.68775	-nan	-nan	0.000240288	0.000120187	0.999997   	0.969402   	0.390797   	0.432442   	0.0143321  	0.0143146  	1.68775	
3.2e-11    	2          	-0.000194656	-8.50715e-05	0.999997   	0.966596   	0          	0          	0          	0          	0          	0          	0          	0          	0.413847   	0.422519   	0.0166038  	0.0166091  	0          	0          	0          	0          	0          	0          	0          	0          	1.64397	-nan	-nan	-0.000194656	-8.50715e-05	0.999997   	0.966596   	0.413847   	0.422519   	0.0166038  	0.0166091  	1.64397	
3.3e-11    	1.8        	0.000189504	0.000137697	0.999996   	0.963229   	0          	0          	0          	0          	0          	0          	0          	0          	0.499717   	0.517272   	0.0195984  	0.0195889  	0          	0          	0          	0          	0          	0          	0          	0          	1.60661	-nan	-nan	0.000189504	0.000137697	0.999996   	0.963229   	0.499717   	0.517272   	0.0195984  	0.0195889  	1.60661	
3.4e-11    	1.6        	0.000238882	-0.000187455	0.999996   	0.959152   	0          	0          	0          	0          	0          	0          	0          	0          	0.420165   	0.508427   	0.0240877  	0.0240999  	0          	0          	0          	0          	0          	0          	0          	0          	1.59929	-nan	-nan	0.000238882	-0.000187455	0.999996   	0.959152   	0.420165   	0.508427   	0.0240877  	0.0240999  	1.59929	
3.5e-11    	1.4        	-0.000123017	-0.000556742	0.999995   	0.954031   	0          	0          	0          	0          	0          	0          	0          	0          	0.576415   	0.642992   	0.0323174  	0.0323046  	0          	0          	0          	0          	0          	0          	0          	0          	1.69207	-nan	-nan	-0.000123017	-0.000556742	0.999995   	0.954031   	0.576415   	0.642992   	0.0323174  	0.0323046  	1.69207	
3.6e-11    	1.2        	-0.000177421	-0.000293144	0.999994   	0.947547   	0          	0          	0          	0          	0          	0          	0          	0          	0.687408   	0.720844   	0.0384597  	0.0384404  	0          	0          	0          	0          	0          	0          	0          	0          	1.54127	-nan	-nan	-0.000177421	-0.000293144	0.999994   	0.947547   	0.687408   	0.720844   	0.0384597  	0.0384404  	1.54127	
3.7e-11    	1          	8.40121e-05	0.000195605	0.999993   	0.938597   	0          	0          	0          	0          	0          	0          	0          	0          	0.736576   	0.796448   	0.0594744  	0.0595115  	0          	0          	0          	0          	0          	0          	0          	0          	1.74805	-nan	-nan	8.40121e-05	0.000195605	0.999993   	0.938597   	0.736576   	0.796448   	0.0594744  	0.0595115  	1.74805	
3.8e-11    	0.8        	-5.52097e-05	0.000494085	0.999992   	0.925943   	0          	0          	0          	0          	0          	0          	0          	0          	0.866669   	0.855524   	0.117373   	0.117561   	0          	0          	0          	0          	0          	0          	0          	0          	2.37168	-nan	-nan	-5.52097e-05	0.000494085	0.999992   	0.925943   	0.866669   	0.855524   	0.117373   	0.117561   	2.37168	
3.9e-11    	0.6        	-0.000565654	-5.11356e-05	0.999989   	0.906598   	0          	0          	0          	0          	0          	0          	0          	0          	1.0758     	1.16226    	0.207155   	0.207155   	0          	0          	0          	0          	0          	0          	0          	0          	2.6211	-nan	-nan	-0.000565654	-5.11356e-05	0.999989   	0.906598   	1.0758     	1.16226    	0.207155   	0.207155   	2.6211	
4e-11      	0.4        	7.6843e-05 	-0.000568253	0.999985   	0.870853   	0          	0          	0          	0          	0          	0          	0          	0          	1.35205    	1.55335    	0.620207   	0.619796   	0          	0          	0          	0          	0          	0          	0          	0          	4.03594	-nan	-nan	7.6843e-05 	-0.000568253	0.999985   	0.870853   	1.35205    	1.55335    	0.620207   	0.619796   	4.03594	
4.1e-11    	0.2        	6.69724e-05	0.000485003	0.999967   	0.761652   	0          	0          	0          	0          	0          	0          	0          	0          	2.36196    	2.58028    	5.20789    	5.20963    	0          	0          	0          	0          	0          	0          	0          	0          	9.58581	-nan	-nan	6.69724e-05	0.000485003	0.999967   	0.761652   	2.36196    	2.58028    	5.20789    	5.20963    	9.58581	
4.2e-11    	-0         	-0.0187141 	0.0160674  	-0.0149629 	0.0115282  	0          	0          	0          	0          	0          	0          	0          	0          	3.26222    	3.81953    	124.483    	114.896    	0          	0          	0          	0          	0          	0          	0          	0          	1.3659	-nan	-nan	-0.0187141 	0.0160674  	-0.0149629 	0.0115282  	3.26222    	3.81953    	124.483    	114.896    	1.3659	
