#----------------------------------------------------------------------------------------------------------------------------------------------------------
# Output file for vampire simulation
#   time       : 2025-10-19 19:40:12     process id : 80611
#   hostname   : 53a6091906e1
#   path       : /content/drive/MyDrive/Colab Notebooks/vampire phase diagram
#   version    : 7.0.0
#   githash    : 525bc27ee44c525aee229570f30f3d4c61d54f66
#----------------------------------------------------------------------------------------------------------------------------------------------------------
2e-12      	8          	-0.000202734	0.000180824	0.999998   	0.988786   	0          	0          	0          	0          	0          	0          	0          	0          	0.239576   	0.144166   	213.046    	212.973    	0          	0          	0          	0          	0          	0          	0          	0          	351602	-nan	-nan	-0.000202734	0.000180824	0.999998   	0.988786   	0.239576   	0.144166   	213.046    	212.973    	351602	
3e-12      	7.8        	0.000174409	9.17298e-05	0.999999   	0.992601   	0          	0          	0          	0          	0          	0          	0          	0          	0.128618   	0.134247   	0.00109343 	0.00109308 	0          	0          	0          	0          	0          	0          	0          	0          	1.76633	-nan	-nan	0.000174409	9.17298e-05	0.999999   	0.992601   	0.128618   	0.134247   	0.00109343 	0.00109308 	1.76633	
4e-12      	7.6        	4.18532e-05	-6.56212e-05	0.999999   	0.992398   	0          	0          	0          	0          	0          	0          	0          	0          	0.0943113  	0.125176   	0.000860439	0.000859994	0          	0          	0          	0          	0          	0          	0          	0          	1.32155	-nan	-nan	4.18532e-05	-6.56212e-05	0.999999   	0.992398   	0.0943113  	0.125176   	0.000860439	0.000859994	1.32155	
5e-12      	7.4        	-0.000194835	4.89385e-06	0.999999   	0.992205   	0          	0          	0          	0          	0          	0          	0          	0          	0.110522   	0.107764   	0.0011866  	0.00118493 	0          	0          	0          	0          	0          	0          	0          	0          	1.73065	-nan	-nan	-0.000194835	4.89385e-06	0.999999   	0.992205   	0.110522   	0.107764   	0.0011866  	0.00118493 	1.73065	
6e-12      	7.2        	-1.14254e-05	4.45001e-05	0.999999   	0.991999   	0          	0          	0          	0          	0          	0          	0          	0          	0.116628   	0.149856   	0.00102958 	0.00102907 	0          	0          	0          	0          	0          	0          	0          	0          	1.42402	-nan	-nan	-1.14254e-05	4.45001e-05	0.999999   	0.991999   	0.116628   	0.149856   	0.00102958 	0.00102907 	1.42402	
7e-12      	7          	5.21257e-05	5.45976e-05	0.999999   	0.991778   	0          	0          	0          	0          	0          	0          	0          	0          	0.120026   	0.132925   	0.0010758  	0.00107507 	0          	0          	0          	0          	0          	0          	0          	0          	1.40894	-nan	-nan	5.21257e-05	5.45976e-05	0.999999   	0.991778   	0.120026   	0.132925   	0.0010758  	0.00107507 	1.40894	
8e-12      	6.8        	7.76586e-05	0.000114434	0.999999   	0.991559   	0          	0          	0          	0          	0          	0          	0          	0          	0.151262   	0.143077   	0.00134925 	0.00134918 	0          	0          	0          	0          	0          	0          	0          	0          	1.67068	-nan	-nan	7.76586e-05	0.000114434	0.999999   	0.991559   	0.151262   	0.143077   	0.00134925 	0.00134918 	1.67068	
9e-12      	6.6        	3.72667e-05	-6.42384e-05	0.999999   	0.991294   	0          	0          	0          	0          	0          	0          	0          	0          	0.136155   	0.123094   	0.00112775 	0.00112947 	0          	0          	0          	0          	0          	0          	0          	0          	1.31809	-nan	-nan	3.72667e-05	-6.42384e-05	0.999999   	0.991294   	0.136155   	0.123094   	0.00112775 	0.00112947 	1.31809	
1e-11      	6.4        	0.000100362	-9.55193e-05	0.999999   	0.991038   	0          	0          	0          	0          	0          	0          	0          	0          	0.158029   	0.13111    	0.00129857 	0.00129997 	0          	0          	0          	0          	0          	0          	0          	0          	1.43026	-nan	-nan	0.000100362	-9.55193e-05	0.999999   	0.991038   	0.158029   	0.13111    	0.00129857 	0.00129997 	1.43026	
1.1e-11    	6.2        	2.21349e-05	3.41921e-05	0.999999   	0.990753   	0          	0          	0          	0          	0          	0          	0          	0          	0.154176   	0.129534   	0.00128636 	0.00128738 	0          	0          	0          	0          	0          	0          	0          	0          	1.33253	-nan	-nan	2.21349e-05	3.41921e-05	0.999999   	0.990753   	0.154176   	0.129534   	0.00128636 	0.00128738 	1.33253	
1.2e-11    	6          	0.000126108	-6.70456e-06	0.999999   	0.990459   	0          	0          	0          	0          	0          	0          	0          	0          	0.152798   	0.159309   	0.00132456 	0.00132178 	0          	0          	0          	0          	0          	0          	0          	0          	1.28823	-nan	-nan	0.000126108	-6.70456e-06	0.999999   	0.990459   	0.152798   	0.159309   	0.00132456 	0.00132178 	1.28823	
1.3e-11    	5.8        	1.11406e-05	0.000106381	0.999999   	0.990154   	0          	0          	0          	0          	0          	0          	0          	0          	0.157529   	0.18212    	0.00164924 	0.00164848 	0          	0          	0          	0          	0          	0          	0          	0          	1.50264	-nan	-nan	1.11406e-05	0.000106381	0.999999   	0.990154   	0.157529   	0.18212    	0.00164924 	0.00164848 	1.50264	
1.4e-11    	5.6        	0.000206046	5.96608e-05	0.999999   	0.989809   	0          	0          	0          	0          	0          	0          	0          	0          	0.161125   	0.174608   	0.00153482 	0.00153399 	0          	0          	0          	0          	0          	0          	0          	0          	1.30728	-nan	-nan	0.000206046	5.96608e-05	0.999999   	0.989809   	0.161125   	0.174608   	0.00153482 	0.00153399 	1.30728	
1.5e-11    	5.4        	-0.00017763	-0.000150638	0.999999   	0.989439   	0          	0          	0          	0          	0          	0          	0          	0          	0.197751   	0.175548   	0.00165352 	0.00165831 	0          	0          	0          	0          	0          	0          	0          	0          	1.31348	-nan	-nan	-0.00017763	-0.000150638	0.999999   	0.989439   	0.197751   	0.175548   	0.00165352 	0.00165831 	1.31348	
1.6e-11    	5.2        	-0.000135303	5.84668e-05	0.999999   	0.989037   	0          	0          	0          	0          	0          	0          	0          	0          	0.148623   	0.175789   	0.00227858 	0.0022774  	0          	0          	0          	0          	0          	0          	0          	0          	1.68369	-nan	-nan	-0.000135303	5.84668e-05	0.999999   	0.989037   	0.148623   	0.175789   	0.00227858 	0.0022774  	1.68369	
1.7e-11    	5          	-3.40902e-05	-0.000107673	0.999999   	0.988608   	0          	0          	0          	0          	0          	0          	0          	0          	0.19373    	0.149171   	0.00219005 	0.00218774 	0          	0          	0          	0          	0          	0          	0          	0          	1.50112	-nan	-nan	-3.40902e-05	-0.000107673	0.999999   	0.988608   	0.19373    	0.149171   	0.00219005 	0.00218774 	1.50112	
1.8e-11    	4.8        	-1.55371e-05	-0.000158951	0.999999   	0.988191   	0          	0          	0          	0          	0          	0          	0          	0          	0.215036   	0.186825   	0.00226361 	0.00226236 	0          	0          	0          	0          	0          	0          	0          	0          	1.43518	-nan	-nan	-1.55371e-05	-0.000158951	0.999999   	0.988191   	0.215036   	0.186825   	0.00226361 	0.00226236 	1.43518	
1.9e-11    	4.6        	0.000244402	-0.000237772	0.999999   	0.987699   	0          	0          	0          	0          	0          	0          	0          	0          	0.202009   	0.236288   	0.00256392 	0.00256885 	0          	0          	0          	0          	0          	0          	0          	0          	1.49913	-nan	-nan	0.000244402	-0.000237772	0.999999   	0.987699   	0.202009   	0.236288   	0.00256392 	0.00256885 	1.49913	
2e-11      	4.4        	-7.95909e-06	1.12042e-05	0.999999   	0.987167   	0          	0          	0          	0          	0          	0          	0          	0          	0.199424   	0.227448   	0.00248195 	0.0024816  	0          	0          	0          	0          	0          	0          	0          	0          	1.3335	-nan	-nan	-7.95909e-06	1.12042e-05	0.999999   	0.987167   	0.199424   	0.227448   	0.00248195 	0.0024816  	1.3335	
2.1e-11    	4.2        	0.000154782	6.52151e-05	0.999998   	0.986557   	0          	0          	0          	0          	0          	0          	0          	0          	0.288412   	0.255256   	0.00278863 	0.00278917 	0          	0          	0          	0          	0          	0          	0          	0          	1.37144	-nan	-nan	0.000154782	6.52151e-05	0.999998   	0.986557   	0.288412   	0.255256   	0.00278863 	0.00278917 	1.37144	
2.2e-11    	4          	0.000185051	-5.2152e-05	0.999999   	0.985925   	0          	0          	0          	0          	0          	0          	0          	0          	0.242462   	0.22184    	0.00304901 	0.00304893 	0          	0          	0          	0          	0          	0          	0          	0          	1.36707	-nan	-nan	0.000185051	-5.2152e-05	0.999999   	0.985925   	0.242462   	0.22184    	0.00304901 	0.00304893 	1.36707	
2.3e-11    	3.8        	0.000140061	-5.98433e-05	0.999998   	0.985231   	0          	0          	0          	0          	0          	0          	0          	0          	0.215638   	0.289664   	0.00387952 	0.00387557 	0          	0          	0          	0          	0          	0          	0          	0          	1.57861	-nan	-nan	0.000140061	-5.98433e-05	0.999998   	0.985231   	0.215638   	0.289664   	0.00387952 	0.00387557 	1.57861	
2.4e-11    	3.6        	-0.000104935	-1.83655e-05	0.999998   	0.984473   	0          	0          	0          	0          	0          	0          	0          	0          	0.245736   	0.256886   	0.00342167 	0.0034231  	0          	0          	0          	0          	0          	0          	0          	0          	1.25758	-nan	-nan	-0.000104935	-1.83655e-05	0.999998   	0.984473   	0.245736   	0.256886   	0.00342167 	0.0034231  	1.25758	
2.5e-11    	3.4        	-0.000103447	-9.71581e-06	0.999998   	0.983635   	0          	0          	0          	0          	0          	0          	0          	0          	0.26178    	0.277526   	0.0041262  	0.00413129 	0          	0          	0          	0          	0          	0          	0          	0          	1.36212	-nan	-nan	-0.000103447	-9.71581e-06	0.999998   	0.983635   	0.26178    	0.277526   	0.0041262  	0.00413129 	1.36212	
2.6e-11    	3.2        	-7.66231e-05	-1.48762e-05	0.999998   	0.982655   	0          	0          	0          	0          	0          	0          	0          	0          	0.3163     	0.297749   	0.0056702  	0.00565341 	0          	0          	0          	0          	0          	0          	0          	0          	1.67108	-nan	-nan	-7.66231e-05	-1.48762e-05	0.999998   	0.982655   	0.3163     	0.297749   	0.0056702  	0.00565341 	1.67108	
2.7e-11    	3          	0.000126801	-2.77825e-05	0.999998   	0.981602   	0          	0          	0          	0          	0          	0          	0          	0          	0.276391   	0.292416   	0.00571019 	0.00570903 	0          	0          	0          	0          	0          	0          	0          	0          	1.49167	-nan	-nan	0.000126801	-2.77825e-05	0.999998   	0.981602   	0.276391   	0.292416   	0.00571019 	0.00570903 	1.49167	
2.8e-11    	2.8        	-6.81522e-05	0.00046345 	0.999998   	0.980386   	0          	0          	0          	0          	0          	0          	0          	0          	0.312223   	0.330274   	0.00762734 	0.00763392 	0          	0          	0          	0          	0          	0          	0          	0          	1.753	-nan	-nan	-6.81522e-05	0.00046345 	0.999998   	0.980386   	0.312223   	0.330274   	0.00762734 	0.00763392 	1.753	
2.9e-11    	2.6        	-7.76527e-05	4.96694e-05	0.999998   	0.978982   	0          	0          	0          	0          	0          	0          	0          	0          	0.297845   	0.351941   	0.00685106 	0.00684658 	0          	0          	0          	0          	0          	0          	0          	0          	1.3731	-nan	-nan	-7.76527e-05	4.96694e-05	0.999998   	0.978982   	0.297845   	0.351941   	0.00685106 	0.00684658 	1.3731	
3e-11      	2.4        	0.000147837	2.623e-05  	0.999998   	0.977372   	0          	0          	0          	0          	0          	0          	0          	0          	0.327677   	0.35292    	0.0103125  	0.0102985  	0          	0          	0          	0          	0          	0          	0          	0          	1.78485	-nan	-nan	0.000147837	2.623e-05  	0.999998   	0.977372   	0.327677   	0.35292    	0.0103125  	0.0102985  	1.78485	
3.1e-11    	2.2        	7.95372e-05	0.000215503	0.999997   	0.975511   	0          	0          	0          	0          	0          	0          	0          	0          	0.393911   	0.400314   	0.01028    	0.0102757  	0          	0          	0          	0          	0          	0          	0          	0          	1.51811	-nan	-nan	7.95372e-05	0.000215503	0.999997   	0.975511   	0.393911   	0.400314   	0.01028    	0.0102757  	1.51811	
3.2e-11    	2          	0.000201882	-6.18198e-05	0.999998   	0.973283   	0          	0          	0          	0          	0          	0          	0          	0          	0.38945    	0.316905   	0.0128243  	0.0128413  	0          	0          	0          	0          	0          	0          	0          	0          	1.59313	-nan	-nan	0.000201882	-6.18198e-05	0.999998   	0.973283   	0.38945    	0.316905   	0.0128243  	0.0128413  	1.59313	
3.3e-11    	1.8        	-0.000102289	0.000151498	0.999997   	0.970656   	0          	0          	0          	0          	0          	0          	0          	0          	0.541324   	0.433457   	0.0152071  	0.0152283  	0          	0          	0          	0          	0          	0          	0          	0          	1.56251	-nan	-nan	-0.000102289	0.000151498	0.999997   	0.970656   	0.541324   	0.433457   	0.0152071  	0.0152283  	1.56251	
3.4e-11    	1.6        	-7.55698e-05	-0.000494029	0.999997   	0.967406   	0          	0          	0          	0          	0          	0          	0          	0          	0.508031   	0.44312    	0.0211678  	0.0211657  	0          	0          	0          	0          	0          	0          	0          	0          	1.76374	-nan	-nan	-7.55698e-05	-0.000494029	0.999997   	0.967406   	0.508031   	0.44312    	0.0211678  	0.0211657  	1.76374	
3.5e-11    	1.4        	-0.000214339	-0.000488431	0.999996   	0.963316   	0          	0          	0          	0          	0          	0          	0          	0          	0.630834   	0.535514   	0.0272778  	0.0272773  	0          	0          	0          	0          	0          	0          	0          	0          	1.79902	-nan	-nan	-0.000214339	-0.000488431	0.999996   	0.963316   	0.630834   	0.535514   	0.0272778  	0.0272773  	1.79902	
3.6e-11    	1.2        	0.000116875	0.000145898	0.999995   	0.958153   	0          	0          	0          	0          	0          	0          	0          	0          	0.721383   	0.66696    	0.0450848  	0.0450532  	0          	0          	0          	0          	0          	0          	0          	0          	2.27711	-nan	-nan	0.000116875	0.000145898	0.999995   	0.958153   	0.721383   	0.66696    	0.0450848  	0.0450532  	2.27711	
3.7e-11    	1          	-0.000132563	-3.76314e-05	0.999995   	0.95119    	0          	0          	0          	0          	0          	0          	0          	0          	0.710444   	0.697588   	0.0494589  	0.0494484  	0          	0          	0          	0          	0          	0          	0          	0          	1.83018	-nan	-nan	-0.000132563	-3.76314e-05	0.999995   	0.95119    	0.710444   	0.697588   	0.0494589  	0.0494484  	1.83018	
3.8e-11    	0.8        	0.000120776	4.40906e-05	0.999994   	0.941268   	0          	0          	0          	0          	0          	0          	0          	0          	0.919367   	0.864959   	0.0846179  	0.0847084  	0          	0          	0          	0          	0          	0          	0          	0          	2.17553	-nan	-nan	0.000120776	4.40906e-05	0.999994   	0.941268   	0.919367   	0.864959   	0.0846179  	0.0847084  	2.17553	
3.9e-11    	0.6        	-0.000324293	0.000362427	0.999991   	0.926118   	0          	0          	0          	0          	0          	0          	0          	0          	1.26499    	1.15898    	0.170201   	0.17018    	0          	0          	0          	0          	0          	0          	0          	0          	2.77633	-nan	-nan	-0.000324293	0.000362427	0.999991   	0.926118   	1.26499    	1.15898    	0.170201   	0.17018    	2.77633	
4e-11      	0.4        	0.000249376	-2.53006e-05	0.999986   	0.899257   	0          	0          	0          	0          	0          	0          	0          	0          	1.49442    	2.01818    	0.385867   	0.38554    	0          	0          	0          	0          	0          	0          	0          	0          	3.37887	-nan	-nan	0.000249376	-2.53006e-05	0.999986   	0.899257   	1.49442    	2.01818    	0.385867   	0.38554    	3.37887	
4.1e-11    	0.2        	4.63976e-05	0.000220882	0.999979   	0.825469   	0          	0          	0          	0          	0          	0          	0          	0          	2.51897    	2.18755    	2.82924    	2.82859    	0          	0          	0          	0          	0          	0          	0          	0          	7.76186	-nan	-nan	4.63976e-05	0.000220882	0.999979   	0.825469   	2.51897    	2.18755    	2.82924    	2.82859    	7.76186	
4.2e-11    	-0         	-0.0204334 	-0.00100852	-0.00347848	0.0123334  	0          	0          	0          	0          	0          	0          	0          	0          	4.03437    	3.73804    	265.195    	250.063    	0          	0          	0          	0          	0          	0          	0          	0          	2.9188	-nan	-nan	-0.0204334 	-0.00100852	-0.00347848	0.0123334  	4.03437    	3.73804    	265.195    	250.063    	2.9188	
