#----------------------------------------------------------------------------------------------------------------------------------------------------------
# Output file for vampire simulation
#   time       : 2025-10-19 20:18:19     process id : 89925
#   hostname   : 53a6091906e1
#   path       : /content/drive/MyDrive/Colab Notebooks/vampire phase diagram
#   version    : 7.0.0
#   githash    : 525bc27ee44c525aee229570f30f3d4c61d54f66
#----------------------------------------------------------------------------------------------------------------------------------------------------------
2e-12      	8          	-0.000192435	-4.19866e-05	0.999994   	0.951008   	0          	0          	0          	0          	0          	0          	0          	0          	0.122487   	0.142735   	32.9612    	32.9594    	0          	0          	0          	0          	0          	0          	0          	0          	8703.2	-nan	-nan	-0.000192435	-4.19866e-05	0.999994   	0.951008   	0.122487   	0.142735   	32.9612    	32.9594    	8703.2	
3e-12      	7.8        	0.000201333	-6.28473e-06	0.999995   	0.953507   	0          	0          	0          	0          	0          	0          	0          	0          	0.122355   	0.11052    	0.00530896 	0.005321   	0          	0          	0          	0          	0          	0          	0          	0          	1.36574	-nan	-nan	0.000201333	-6.28473e-06	0.999995   	0.953507   	0.122355   	0.11052    	0.00530896 	0.005321   	1.36574	
4e-12      	7.6        	-0.000141147	-0.000188435	0.999994   	0.952415   	0          	0          	0          	0          	0          	0          	0          	0          	0.137943   	0.123031   	0.00585184 	0.0058591  	0          	0          	0          	0          	0          	0          	0          	0          	1.43116	-nan	-nan	-0.000141147	-0.000188435	0.999994   	0.952415   	0.137943   	0.123031   	0.00585184 	0.0058591  	1.43116	
5e-12      	7.4        	0.000185243	-0.000154394	0.999995   	0.951196   	0          	0          	0          	0          	0          	0          	0          	0          	0.120666   	0.121523   	0.00626383 	0.00626236 	0          	0          	0          	0          	0          	0          	0          	0          	1.4538	-nan	-nan	0.000185243	-0.000154394	0.999995   	0.951196   	0.120666   	0.121523   	0.00626383 	0.00626236 	1.4538	
6e-12      	7.2        	-0.000152302	0.000407603	0.999994   	0.949791   	0          	0          	0          	0          	0          	0          	0          	0          	0.135158   	0.134534   	0.00648024 	0.00647644 	0          	0          	0          	0          	0          	0          	0          	0          	1.42703	-nan	-nan	-0.000152302	0.000407603	0.999994   	0.949791   	0.135158   	0.134534   	0.00648024 	0.00647644 	1.42703	
7e-12      	7          	-0.000160164	3.58105e-05	0.999994   	0.948414   	0          	0          	0          	0          	0          	0          	0          	0          	0.132729   	0.133455   	0.00651849 	0.00651291 	0          	0          	0          	0          	0          	0          	0          	0          	1.35874	-nan	-nan	-0.000160164	3.58105e-05	0.999994   	0.948414   	0.132729   	0.133455   	0.00651849 	0.00651291 	1.35874	
8e-12      	6.8        	0.00033649 	0.00012207 	0.999994   	0.947018   	0          	0          	0          	0          	0          	0          	0          	0          	0.141423   	0.142319   	0.00642547 	0.0064306  	0          	0          	0          	0          	0          	0          	0          	0          	1.26559	-nan	-nan	0.00033649 	0.00012207 	0.999994   	0.947018   	0.141423   	0.142319   	0.00642547 	0.0064306  	1.26559	
9e-12      	6.6        	3.3784e-05 	0.000467436	0.999994   	0.945508   	0          	0          	0          	0          	0          	0          	0          	0          	0.137881   	0.130805   	0.00740307 	0.00740366 	0          	0          	0          	0          	0          	0          	0          	0          	1.37547	-nan	-nan	3.3784e-05 	0.000467436	0.999994   	0.945508   	0.137881   	0.130805   	0.00740307 	0.00740366 	1.37547	
1e-11      	6.4        	0.000450901	0.000490125	0.999994   	0.943695   	0          	0          	0          	0          	0          	0          	0          	0          	0.136058   	0.12851    	0.00918712 	0.00918333 	0          	0          	0          	0          	0          	0          	0          	0          	1.60769	-nan	-nan	0.000450901	0.000490125	0.999994   	0.943695   	0.136058   	0.12851    	0.00918712 	0.00918333 	1.60769	
1.1e-11    	6.2        	0.000549575	-0.000573749	0.999993   	0.942072   	0          	0          	0          	0          	0          	0          	0          	0          	0.131911   	0.151526   	0.0104862  	0.0104769  	0          	0          	0          	0          	0          	0          	0          	0          	1.72537	-nan	-nan	0.000549575	-0.000573749	0.999993   	0.942072   	0.131911   	0.151526   	0.0104862  	0.0104769  	1.72537	
1.2e-11    	6          	-0.000110859	0.000358976	0.999993   	0.940052   	0          	0          	0          	0          	0          	0          	0          	0          	0.145418   	0.167788   	0.00873193 	0.00872482 	0          	0          	0          	0          	0          	0          	0          	0          	1.348	-nan	-nan	-0.000110859	0.000358976	0.999993   	0.940052   	0.145418   	0.167788   	0.00873193 	0.00872482 	1.348	
1.3e-11    	5.8        	0.000433861	0.000131608	0.999994   	0.938252   	0          	0          	0          	0          	0          	0          	0          	0          	0.124231   	0.144385   	0.00898076 	0.00897351 	0          	0          	0          	0          	0          	0          	0          	0          	1.2979	-nan	-nan	0.000433861	0.000131608	0.999994   	0.938252   	0.124231   	0.144385   	0.00898076 	0.00897351 	1.2979	
1.4e-11    	5.6        	0.00023546 	4.42967e-05	0.999993   	0.935971   	0          	0          	0          	0          	0          	0          	0          	0          	0.142893   	0.189967   	0.0101736  	0.0101573  	0          	0          	0          	0          	0          	0          	0          	0          	1.37392	-nan	-nan	0.00023546 	4.42967e-05	0.999993   	0.935971   	0.142893   	0.189967   	0.0101736  	0.0101573  	1.37392	
1.5e-11    	5.4        	4.97178e-05	-0.000303015	0.999992   	0.933701   	0          	0          	0          	0          	0          	0          	0          	0          	0.166975   	0.169564   	0.0128559  	0.0128468  	0          	0          	0          	0          	0          	0          	0          	0          	1.61856	-nan	-nan	4.97178e-05	-0.000303015	0.999992   	0.933701   	0.166975   	0.169564   	0.0128559  	0.0128468  	1.61856	
1.6e-11    	5.2        	0.000162399	0.000281992	0.999992   	0.931097   	0          	0          	0          	0          	0          	0          	0          	0          	0.171207   	0.181596   	0.0131396  	0.0131239  	0          	0          	0          	0          	0          	0          	0          	0          	1.53652	-nan	-nan	0.000162399	0.000281992	0.999992   	0.931097   	0.171207   	0.181596   	0.0131396  	0.0131239  	1.53652	
1.7e-11    	5          	-0.000193162	0.000103135	0.999992   	0.928517   	0          	0          	0          	0          	0          	0          	0          	0          	0.193854   	0.179566   	0.0145356  	0.0145543  	0          	0          	0          	0          	0          	0          	0          	0          	1.57751	-nan	-nan	-0.000193162	0.000103135	0.999992   	0.928517   	0.193854   	0.179566   	0.0145356  	0.0145543  	1.57751	
1.8e-11    	4.8        	-0.000323475	5.06892e-05	0.999992   	0.925716   	0          	0          	0          	0          	0          	0          	0          	0          	0.19282    	0.164029   	0.0168591  	0.0168471  	0          	0          	0          	0          	0          	0          	0          	0          	1.69	-nan	-nan	-0.000323475	5.06892e-05	0.999992   	0.925716   	0.19282    	0.164029   	0.0168591  	0.0168471  	1.69	
1.9e-11    	4.6        	4.06997e-05	0.000325065	0.999991   	0.92245    	0          	0          	0          	0          	0          	0          	0          	0          	0.204419   	0.194228   	0.0174171  	0.017443   	0          	0          	0          	0          	0          	0          	0          	0          	1.60616	-nan	-nan	4.06997e-05	0.000325065	0.999991   	0.92245    	0.204419   	0.194228   	0.0174171  	0.017443   	1.60616	
2e-11      	4.4        	-0.000442442	0.000426626	0.999991   	0.919261   	0          	0          	0          	0          	0          	0          	0          	0          	0.208886   	0.195005   	0.0149651  	0.0149307  	0          	0          	0          	0          	0          	0          	0          	0          	1.26833	-nan	-nan	-0.000442442	0.000426626	0.999991   	0.919261   	0.208886   	0.195005   	0.0149651  	0.0149307  	1.26833	
2.1e-11    	4.2        	7.78395e-05	0.000381292	0.99999    	0.915551   	0          	0          	0          	0          	0          	0          	0          	0          	0.228497   	0.209651   	0.0184215  	0.0184051  	0          	0          	0          	0          	0          	0          	0          	0          	1.42704	-nan	-nan	7.78395e-05	0.000381292	0.99999    	0.915551   	0.228497   	0.209651   	0.0184215  	0.0184051  	1.42704	
2.2e-11    	4          	-3.11439e-05	0.000338523	0.999988   	0.911333   	0          	0          	0          	0          	0          	0          	0          	0          	0.266563   	0.226668   	0.0216783  	0.021644   	0          	0          	0          	0          	0          	0          	0          	0          	1.52584	-nan	-nan	-3.11439e-05	0.000338523	0.999988   	0.911333   	0.266563   	0.226668   	0.0216783  	0.021644   	1.52584	
2.3e-11    	3.8        	0.000158934	-0.000877657	0.999989   	0.906999   	0          	0          	0          	0          	0          	0          	0          	0          	0.213563   	0.224708   	0.0283786  	0.0284091  	0          	0          	0          	0          	0          	0          	0          	0          	1.8144	-nan	-nan	0.000158934	-0.000877657	0.999989   	0.906999   	0.213563   	0.224708   	0.0283786  	0.0284091  	1.8144	
2.4e-11    	3.6        	-0.000873445	-6.63056e-05	0.999987   	0.901752   	0          	0          	0          	0          	0          	0          	0          	0          	0.258423   	0.286445   	0.0285665  	0.0286047  	0          	0          	0          	0          	0          	0          	0          	0          	1.64192	-nan	-nan	-0.000873445	-6.63056e-05	0.999987   	0.901752   	0.258423   	0.286445   	0.0285665  	0.0286047  	1.64192	
2.5e-11    	3.4        	-3.71951e-05	0.000278266	0.999989   	0.896458   	0          	0          	0          	0          	0          	0          	0          	0          	0.242177   	0.199009   	0.0282986  	0.0283119  	0          	0          	0          	0          	0          	0          	0          	0          	1.45875	-nan	-nan	-3.71951e-05	0.000278266	0.999989   	0.896458   	0.242177   	0.199009   	0.0282986  	0.0283119  	1.45875	
2.6e-11    	3.2        	-0.000424572	8.75525e-05	0.999987   	0.88992    	0          	0          	0          	0          	0          	0          	0          	0          	0.270558   	0.273393   	0.0360515  	0.0360286  	0          	0          	0          	0          	0          	0          	0          	0          	1.65877	-nan	-nan	-0.000424572	8.75525e-05	0.999987   	0.88992    	0.270558   	0.273393   	0.0360515  	0.0360286  	1.65877	
2.7e-11    	3          	0.000286412	8.67431e-05	0.999987   	0.883147   	0          	0          	0          	0          	0          	0          	0          	0          	0.244445   	0.263436   	0.0412054  	0.041107   	0          	0          	0          	0          	0          	0          	0          	0          	1.66926	-nan	-nan	0.000286412	8.67431e-05	0.999987   	0.883147   	0.244445   	0.263436   	0.0412054  	0.041107   	1.66926	
2.8e-11    	2.8        	3.89536e-05	5.74489e-05	0.999987   	0.875219   	0          	0          	0          	0          	0          	0          	0          	0          	0.246214   	0.28599    	0.0503836  	0.0504125  	0          	0          	0          	0          	0          	0          	0          	0          	1.79044	-nan	-nan	3.89536e-05	5.74489e-05	0.999987   	0.875219   	0.246214   	0.28599    	0.0503836  	0.0504125  	1.79044	
2.9e-11    	2.6        	-8.20023e-05	-9.59051e-05	0.999983   	0.866031   	0          	0          	0          	0          	0          	0          	0          	0          	0.314233   	0.331234   	0.0522561  	0.052259   	0          	0          	0          	0          	0          	0          	0          	0          	1.61076	-nan	-nan	-8.20023e-05	-9.59051e-05	0.999983   	0.866031   	0.314233   	0.331234   	0.0522561  	0.052259   	1.61076	
3e-11      	2.4        	-0.000396  	0.000391166	0.999986   	0.855361   	0          	0          	0          	0          	0          	0          	0          	0          	0.249594   	0.282819   	0.0664138  	0.066394   	0          	0          	0          	0          	0          	0          	0          	0          	1.75216	-nan	-nan	-0.000396  	0.000391166	0.999986   	0.855361   	0.249594   	0.282819   	0.0664138  	0.066394   	1.75216	
3.1e-11    	2.2        	-8.07817e-05	-0.00010134	0.99998    	0.842779   	0          	0          	0          	0          	0          	0          	0          	0          	0.36728    	0.371132   	0.0762781  	0.0761988  	0          	0          	0          	0          	0          	0          	0          	0          	1.70273	-nan	-nan	-8.07817e-05	-0.00010134	0.99998    	0.842779   	0.36728    	0.371132   	0.0762781  	0.0761988  	1.70273	
3.2e-11    	2          	-0.000202208	-0.000703883	0.999978   	0.827483   	0          	0          	0          	0          	0          	0          	0          	0          	0.374652   	0.382585   	0.0989169  	0.0990495  	0          	0          	0          	0          	0          	0          	0          	0          	1.84024	-nan	-nan	-0.000202208	-0.000703883	0.999978   	0.827483   	0.374652   	0.382585   	0.0989169  	0.0990495  	1.84024	
3.3e-11    	1.8        	0.000490497	0.000207047	0.999976   	0.809329   	0          	0          	0          	0          	0          	0          	0          	0          	0.426379   	0.383025   	0.10396    	0.103813   	0          	0          	0          	0          	0          	0          	0          	0          	1.57984	-nan	-nan	0.000490497	0.000207047	0.999976   	0.809329   	0.426379   	0.383025   	0.10396    	0.103813   	1.57984	
3.4e-11    	1.6        	-2.82085e-05	-0.000246509	0.999969   	0.785874   	0          	0          	0          	0          	0          	0          	0          	0          	0.469258   	0.511596   	0.152048   	0.152225   	0          	0          	0          	0          	0          	0          	0          	0          	1.83498	-nan	-nan	-2.82085e-05	-0.000246509	0.999969   	0.785874   	0.469258   	0.511596   	0.152048   	0.152225   	1.83498	
3.5e-11    	1.4        	-0.000570118	-0.000393549	0.999967   	0.756349   	0          	0          	0          	0          	0          	0          	0          	0          	0.515971   	0.449412   	0.223569   	0.223919   	0          	0          	0          	0          	0          	0          	0          	0          	2.0651	-nan	-nan	-0.000570118	-0.000393549	0.999967   	0.756349   	0.515971   	0.449412   	0.223569   	0.223919   	2.0651	
3.6e-11    	1.2        	0.000492282	-0.00113657	0.999956   	0.717797   	0          	0          	0          	0          	0          	0          	0          	0          	0.639616   	0.510626   	0.294031   	0.29435    	0          	0          	0          	0          	0          	0          	0          	0          	2.01118	-nan	-nan	0.000492282	-0.00113657	0.999956   	0.717797   	0.639616   	0.510626   	0.294031   	0.29435    	2.01118	
3.7e-11    	1          	-2.37513e-05	-0.000496871	0.999944   	0.66543    	0          	0          	0          	0          	0          	0          	0          	0          	0.67427    	0.608001   	0.453593   	0.453503   	0          	0          	0          	0          	0          	0          	0          	0          	2.16348	-nan	-nan	-2.37513e-05	-0.000496871	0.999944   	0.66543    	0.67427    	0.608001   	0.453593   	0.453503   	2.16348	
3.8e-11    	0.8        	-0.000760443	-5.54492e-05	0.999924   	0.593281   	0          	0          	0          	0          	0          	0          	0          	0          	0.699661   	0.66642    	0.642113   	0.641057   	0          	0          	0          	0          	0          	0          	0          	0          	1.97512	-nan	-nan	-0.000760443	-5.54492e-05	0.999924   	0.593281   	0.699661   	0.66642    	0.642113   	0.641057   	1.97512	
3.9e-11    	0.6        	0.000462531	0.00048152 	0.999895   	0.493061   	0          	0          	0          	0          	0          	0          	0          	0          	0.686928   	0.632614   	0.843575   	0.843285   	0          	0          	0          	0          	0          	0          	0          	0          	1.45365	-nan	-nan	0.000462531	0.00048152 	0.999895   	0.493061   	0.686928   	0.632614   	0.843575   	0.843285   	1.45365	
4e-11      	0.4        	0.00146189 	-0.000577962	0.99977    	0.359524   	0          	0          	0          	0          	0          	0          	0          	0          	0.755337   	0.767887   	0.94886    	0.94875    	0          	0          	0          	0          	0          	0          	0          	0          	0.757525	-nan	-nan	0.00146189 	-0.000577962	0.99977    	0.359524   	0.755337   	0.767887   	0.94886    	0.94875    	0.757525	
4.1e-11    	0.2        	0.000303089	0.000515102	0.999139   	0.19081    	0          	0          	0          	0          	0          	0          	0          	0          	0.809654   	0.80388    	1.23927    	1.23903    	0          	0          	0          	0          	0          	0          	0          	0          	0.259967	-nan	-nan	0.000303089	0.000515102	0.999139   	0.19081    	0.809654   	0.80388    	1.23927    	1.23903    	0.259967	
4.2e-11    	-0         	-0.0151577 	-0.0413548 	0.00102135 	0.00955225 	0          	0          	0          	0          	0          	0          	0          	0          	0.834571   	0.851427   	1.25559    	0.593499   	0          	0          	0          	0          	0          	0          	0          	0          	0.0143978	-nan	-nan	-0.0151577 	-0.0413548 	0.00102135 	0.00955225 	0.834571   	0.851427   	1.25559    	0.593499   	0.0143978	
