#----------------------------------------------------------------------------------------------------------------------------------------------------------
# Output file for vampire simulation
#   time       : 2025-10-19 20:03:54     process id : 86398
#   hostname   : 53a6091906e1
#   path       : /content/drive/MyDrive/Colab Notebooks/vampire phase diagram
#   version    : 7.0.0
#   githash    : 525bc27ee44c525aee229570f30f3d4c61d54f66
#----------------------------------------------------------------------------------------------------------------------------------------------------------
2e-12      	8          	0.000237298	-0.000400924	0.999995   	0.965381   	0          	0          	0          	0          	0          	0          	0          	0          	0.141596   	0.146203   	51.6528    	51.6403    	0          	0          	0          	0          	0          	0          	0          	0          	20069.6	-nan	-nan	0.000237298	-0.000400924	0.999995   	0.965381   	0.141596   	0.146203   	51.6528    	51.6403    	20069.6	
3e-12      	7.8        	2.06938e-05	8.21987e-06	0.999996   	0.968443   	0          	0          	0          	0          	0          	0          	0          	0          	0.114253   	0.14607    	0.00462222 	0.00463442 	0          	0          	0          	0          	0          	0          	0          	0          	1.75175	-nan	-nan	2.06938e-05	8.21987e-06	0.999996   	0.968443   	0.114253   	0.14607    	0.00462222 	0.00463442 	1.75175	
4e-12      	7.6        	-0.000336905	-8.47095e-05	0.999997   	0.96767    	0          	0          	0          	0          	0          	0          	0          	0          	0.115911   	0.100112   	0.00391408 	0.00391329 	0          	0          	0          	0          	0          	0          	0          	0          	1.41064	-nan	-nan	-0.000336905	-8.47095e-05	0.999997   	0.96767    	0.115911   	0.100112   	0.00391408 	0.00391329 	1.41064	
5e-12      	7.4        	-0.000149176	0.00032906 	0.999996   	0.966773   	0          	0          	0          	0          	0          	0          	0          	0          	0.140476   	0.123547   	0.00416676 	0.0041728  	0          	0          	0          	0          	0          	0          	0          	0          	1.42539	-nan	-nan	-0.000149176	0.00032906 	0.999996   	0.966773   	0.140476   	0.123547   	0.00416676 	0.0041728  	1.42539	
6e-12      	7.2        	-9.75589e-05	0.000187568	0.999997   	0.965926   	0          	0          	0          	0          	0          	0          	0          	0          	0.118662   	0.12645    	0.00432577 	0.00432147 	0          	0          	0          	0          	0          	0          	0          	0          	1.40263	-nan	-nan	-9.75589e-05	0.000187568	0.999997   	0.965926   	0.118662   	0.12645    	0.00432577 	0.00432147 	1.40263	
7e-12      	7          	0.000254159	9.82135e-05	0.999996   	0.964917   	0          	0          	0          	0          	0          	0          	0          	0          	0.137633   	0.140298   	0.00500852 	0.00501217 	0          	0          	0          	0          	0          	0          	0          	0          	1.53739	-nan	-nan	0.000254159	9.82135e-05	0.999996   	0.964917   	0.137633   	0.140298   	0.00500852 	0.00501217 	1.53739	
8e-12      	6.8        	0.000467064	5.21416e-05	0.999996   	0.963991   	0          	0          	0          	0          	0          	0          	0          	0          	0.128186   	0.128702   	0.00542764 	0.00543696 	0          	0          	0          	0          	0          	0          	0          	0          	1.57503	-nan	-nan	0.000467064	5.21416e-05	0.999996   	0.963991   	0.128186   	0.128702   	0.00542764 	0.00543696 	1.57503	
9e-12      	6.6        	-2.88897e-05	0.000107993	0.999996   	0.962915   	0          	0          	0          	0          	0          	0          	0          	0          	0.127072   	0.121751   	0.00588982 	0.00589274 	0          	0          	0          	0          	0          	0          	0          	0          	1.61271	-nan	-nan	-2.88897e-05	0.000107993	0.999996   	0.962915   	0.127072   	0.121751   	0.00588982 	0.00589274 	1.61271	
1e-11      	6.4        	0.000262141	4.20496e-05	0.999996   	0.961829   	0          	0          	0          	0          	0          	0          	0          	0          	0.13093    	0.172789   	0.0056859  	0.0056785  	0          	0          	0          	0          	0          	0          	0          	0          	1.46715	-nan	-nan	0.000262141	4.20496e-05	0.999996   	0.961829   	0.13093    	0.172789   	0.0056859  	0.0056785  	1.46715	
1.1e-11    	6.2        	0.000211453	0.000241371	0.999995   	0.960619   	0          	0          	0          	0          	0          	0          	0          	0          	0.164434   	0.152003   	0.00644588 	0.00643889 	0          	0          	0          	0          	0          	0          	0          	0          	1.56412	-nan	-nan	0.000211453	0.000241371	0.999995   	0.960619   	0.164434   	0.152003   	0.00644588 	0.00643889 	1.56412	
1.2e-11    	6          	5.55938e-05	0.000325629	0.999995   	0.959312   	0          	0          	0          	0          	0          	0          	0          	0          	0.161637   	0.155844   	0.00631843 	0.00632473 	0          	0          	0          	0          	0          	0          	0          	0          	1.43926	-nan	-nan	5.55938e-05	0.000325629	0.999995   	0.959312   	0.161637   	0.155844   	0.00631843 	0.00632473 	1.43926	
1.3e-11    	5.8        	-0.000108479	-0.000199693	0.999995   	0.958057   	0          	0          	0          	0          	0          	0          	0          	0          	0.158887   	0.155819   	0.00632368 	0.00632251 	0          	0          	0          	0          	0          	0          	0          	0          	1.34882	-nan	-nan	-0.000108479	-0.000199693	0.999995   	0.958057   	0.158887   	0.155819   	0.00632368 	0.00632251 	1.34882	
1.4e-11    	5.6        	0.000167385	-6.47869e-05	0.999995   	0.95656    	0          	0          	0          	0          	0          	0          	0          	0          	0.169722   	0.15495    	0.00751967 	0.00749833 	0          	0          	0          	0          	0          	0          	0          	0          	1.49898	-nan	-nan	0.000167385	-6.47869e-05	0.999995   	0.95656    	0.169722   	0.15495    	0.00751967 	0.00749833 	1.49898	
1.5e-11    	5.4        	-0.000121397	-9.98248e-05	0.999995   	0.95493    	0          	0          	0          	0          	0          	0          	0          	0          	0.189644   	0.170932   	0.00930393 	0.00930123 	0          	0          	0          	0          	0          	0          	0          	0          	1.72899	-nan	-nan	-0.000121397	-9.98248e-05	0.999995   	0.95493    	0.189644   	0.170932   	0.00930393 	0.00930123 	1.72899	
1.6e-11    	5.2        	0.000156856	8.83461e-05	0.999995   	0.953219   	0          	0          	0          	0          	0          	0          	0          	0          	0.176102   	0.162306   	0.00789799 	0.00790696 	0          	0          	0          	0          	0          	0          	0          	0          	1.36425	-nan	-nan	0.000156856	8.83461e-05	0.999995   	0.953219   	0.176102   	0.162306   	0.00789799 	0.00790696 	1.36425	
1.7e-11    	5          	-3.79958e-05	-0.000235325	0.999995   	0.95149    	0          	0          	0          	0          	0          	0          	0          	0          	0.165733   	0.184782   	0.0114532  	0.0114507  	0          	0          	0          	0          	0          	0          	0          	0          	1.83497	-nan	-nan	-3.79958e-05	-0.000235325	0.999995   	0.95149    	0.165733   	0.184782   	0.0114532  	0.0114507  	1.83497	
1.8e-11    	4.8        	0.000365354	-0.000109242	0.999995   	0.949629   	0          	0          	0          	0          	0          	0          	0          	0          	0.18094    	0.169216   	0.00938763 	0.00938353 	0          	0          	0          	0          	0          	0          	0          	0          	1.39044	-nan	-nan	0.000365354	-0.000109242	0.999995   	0.949629   	0.18094    	0.169216   	0.00938763 	0.00938353 	1.39044	
1.9e-11    	4.6        	-3.12945e-05	-0.000447062	0.999994   	0.947489   	0          	0          	0          	0          	0          	0          	0          	0          	0.188153   	0.228554   	0.011475   	0.0114684  	0          	0          	0          	0          	0          	0          	0          	0          	1.56632	-nan	-nan	-3.12945e-05	-0.000447062	0.999994   	0.947489   	0.188153   	0.228554   	0.011475   	0.0114684  	1.56632	
2e-11      	4.4        	-0.000104693	-0.000373723	0.999993   	0.94512    	0          	0          	0          	0          	0          	0          	0          	0          	0.204839   	0.25771    	0.01184    	0.011877   	0          	0          	0          	0          	0          	0          	0          	0          	1.48336	-nan	-nan	-0.000104693	-0.000373723	0.999993   	0.94512    	0.204839   	0.25771    	0.01184    	0.011877   	1.48336	
2.1e-11    	4.2        	0.000318866	-0.000380046	0.999993   	0.942692   	0          	0          	0          	0          	0          	0          	0          	0          	0.237      	0.19967    	0.0115555  	0.0115643  	0          	0          	0          	0          	0          	0          	0          	0          	1.32424	-nan	-nan	0.000318866	-0.000380046	0.999993   	0.942692   	0.237      	0.19967    	0.0115555  	0.0115643  	1.32424	
2.2e-11    	4          	-0.000481112	-9.05483e-05	0.999993   	0.939922   	0          	0          	0          	0          	0          	0          	0          	0          	0.267714   	0.218245   	0.0166914  	0.0166946  	0          	0          	0          	0          	0          	0          	0          	0          	1.74241	-nan	-nan	-0.000481112	-9.05483e-05	0.999993   	0.939922   	0.267714   	0.218245   	0.0166914  	0.0166946  	1.74241	
2.3e-11    	3.8        	-0.000143999	0.000331437	0.999993   	0.936975   	0          	0          	0          	0          	0          	0          	0          	0          	0.253104   	0.234107   	0.0172715  	0.0173093  	0          	0          	0          	0          	0          	0          	0          	0          	1.63416	-nan	-nan	-0.000143999	0.000331437	0.999993   	0.936975   	0.253104   	0.234107   	0.0172715  	0.0173093  	1.63416	
2.4e-11    	3.6        	0.000176852	6.42278e-05	0.999993   	0.933632   	0          	0          	0          	0          	0          	0          	0          	0          	0.219759   	0.248387   	0.0151526  	0.0151528  	0          	0          	0          	0          	0          	0          	0          	0          	1.29335	-nan	-nan	0.000176852	6.42278e-05	0.999993   	0.933632   	0.219759   	0.248387   	0.0151526  	0.0151528  	1.29335	
2.5e-11    	3.4        	-0.000508126	0.000318964	0.999992   	0.929906   	0          	0          	0          	0          	0          	0          	0          	0          	0.248163   	0.286362   	0.0222365  	0.0222381  	0          	0          	0          	0          	0          	0          	0          	0          	1.70171	-nan	-nan	-0.000508126	0.000318964	0.999992   	0.929906   	0.248163   	0.286362   	0.0222365  	0.0222381  	1.70171	
2.6e-11    	3.2        	0.000108423	0.000138082	0.999991   	0.925708   	0          	0          	0          	0          	0          	0          	0          	0          	0.307811   	0.273105   	0.0257146  	0.0256354  	0          	0          	0          	0          	0          	0          	0          	0          	1.75537	-nan	-nan	0.000108423	0.000138082	0.999991   	0.925708   	0.307811   	0.273105   	0.0257146  	0.0256354  	1.75537	
2.7e-11    	3          	0.000211327	0.000113381	0.999991   	0.92096    	0          	0          	0          	0          	0          	0          	0          	0          	0.304878   	0.289122   	0.0277527  	0.0277694  	0          	0          	0          	0          	0          	0          	0          	0          	1.67267	-nan	-nan	0.000211327	0.000113381	0.999991   	0.92096    	0.304878   	0.289122   	0.0277527  	0.0277694  	1.67267	
2.8e-11    	2.8        	0.000208879	0.000219256	0.999991   	0.915758   	0          	0          	0          	0          	0          	0          	0          	0          	0.272661   	0.280265   	0.0334918  	0.0334943  	0          	0          	0          	0          	0          	0          	0          	0          	1.77395	-nan	-nan	0.000208879	0.000219256	0.999991   	0.915758   	0.272661   	0.280265   	0.0334918  	0.0334943  	1.77395	
2.9e-11    	2.6        	0.00050521 	-0.000389586	0.999989   	0.909732   	0          	0          	0          	0          	0          	0          	0          	0          	0.323584   	0.3397     	0.0324186  	0.0324538  	0          	0          	0          	0          	0          	0          	0          	0          	1.49454	-nan	-nan	0.00050521 	-0.000389586	0.999989   	0.909732   	0.323584   	0.3397     	0.0324186  	0.0324538  	1.49454	
3e-11      	2.4        	0.000168165	0.000218683	0.99999    	0.902514   	0          	0          	0          	0          	0          	0          	0          	0          	0.3089     	0.282904   	0.0387345  	0.0387358  	0          	0          	0          	0          	0          	0          	0          	0          	1.53502	-nan	-nan	0.000168165	0.000218683	0.99999    	0.902514   	0.3089     	0.282904   	0.0387345  	0.0387358  	1.53502	
3.1e-11    	2.2        	-0.000169548	-7.83766e-05	0.999987   	0.894223   	0          	0          	0          	0          	0          	0          	0          	0          	0.370821   	0.426702   	0.0562156  	0.0562353  	0          	0          	0          	0          	0          	0          	0          	0          	1.88458	-nan	-nan	-0.000169548	-7.83766e-05	0.999987   	0.894223   	0.370821   	0.426702   	0.0562156  	0.0562353  	1.88458	
3.2e-11    	2          	0.00026387 	-0.000359851	0.999986   	0.884426   	0          	0          	0          	0          	0          	0          	0          	0          	0.431195   	0.392784   	0.061078   	0.0611366  	0          	0          	0          	0          	0          	0          	0          	0          	1.71048	-nan	-nan	0.00026387 	-0.000359851	0.999986   	0.884426   	0.431195   	0.392784   	0.061078   	0.0611366  	1.71048	
3.3e-11    	1.8        	-0.000420539	0.000140733	0.999985   	0.871944   	0          	0          	0          	0          	0          	0          	0          	0          	0.437386   	0.416018   	0.0812685  	0.0812535  	0          	0          	0          	0          	0          	0          	0          	0          	1.87455	-nan	-nan	-0.000420539	0.000140733	0.999985   	0.871944   	0.437386   	0.416018   	0.0812685  	0.0812535  	1.87455	
3.4e-11    	1.6        	-0.000550111	8.20138e-05	0.999983   	0.857524   	0          	0          	0          	0          	0          	0          	0          	0          	0.450266   	0.463394   	0.0901831  	0.0900472  	0          	0          	0          	0          	0          	0          	0          	0          	1.65952	-nan	-nan	-0.000550111	8.20138e-05	0.999983   	0.857524   	0.450266   	0.463394   	0.0901831  	0.0900472  	1.65952	
3.5e-11    	1.4        	0.000298738	-3.39268e-05	0.999981   	0.838055   	0          	0          	0          	0          	0          	0          	0          	0          	0.495661   	0.51941    	0.131099   	0.131242   	0          	0          	0          	0          	0          	0          	0          	0          	1.86651	-nan	-nan	0.000298738	-3.39268e-05	0.999981   	0.838055   	0.495661   	0.51941    	0.131099   	0.131242   	1.86651	
3.6e-11    	1.2        	0.000338598	-0.000676607	0.999977   	0.812297   	0          	0          	0          	0          	0          	0          	0          	0          	0.583306   	0.535711   	0.219352   	0.219201   	0          	0          	0          	0          	0          	0          	0          	0          	2.3421	-nan	-nan	0.000338598	-0.000676607	0.999977   	0.812297   	0.583306   	0.535711   	0.219352   	0.219201   	2.3421	
3.7e-11    	1          	-0.000340922	-0.00061723	0.999973   	0.776525   	0          	0          	0          	0          	0          	0          	0          	0          	0.544178   	0.681236   	0.324592   	0.324943   	0          	0          	0          	0          	0          	0          	0          	0          	2.44718	-nan	-nan	-0.000340922	-0.00061723	0.999973   	0.776525   	0.544178   	0.681236   	0.324592   	0.324943   	2.44718	
3.8e-11    	0.8        	-3.0767e-06	0.000641745	0.999962   	0.723377   	0          	0          	0          	0          	0          	0          	0          	0          	0.721729   	0.772837   	0.549768   	0.550022   	0          	0          	0          	0          	0          	0          	0          	0          	2.6526	-nan	-nan	-3.0767e-06	0.000641745	0.999962   	0.723377   	0.721729   	0.772837   	0.549768   	0.550022   	2.6526	
3.9e-11    	0.6        	-0.000606233	-0.000295874	0.999946   	0.639166   	0          	0          	0          	0          	0          	0          	0          	0          	0.878075   	0.800327   	1.08723    	1.08694    	0          	0          	0          	0          	0          	0          	0          	0          	3.0234	-nan	-nan	-0.000606233	-0.000295874	0.999946   	0.639166   	0.878075   	0.800327   	1.08723    	1.08694    	3.0234	
4e-11      	0.4        	-0.000404758	-0.00064589	0.999893   	0.500155   	0          	0          	0          	0          	0          	0          	0          	0          	1.01571    	1.01453    	1.78254    	1.7826     	0          	0          	0          	0          	0          	0          	0          	0          	2.21099	-nan	-nan	-0.000404758	-0.00064589	0.999893   	0.500155   	1.01571    	1.01453    	1.78254    	1.7826     	2.21099	
4.1e-11    	0.2        	1.1501e-07 	0.000577523	0.999589   	0.284363   	0          	0          	0          	0          	0          	0          	0          	0          	1.21962    	1.30198    	2.02679    	2.02714    	0          	0          	0          	0          	0          	0          	0          	0          	0.675644	-nan	-nan	1.1501e-07 	0.000577523	0.999589   	0.284363   	1.21962    	1.30198    	2.02679    	2.02714    	0.675644	
4.2e-11    	-0         	-0.00128315	-0.0370261 	-0.00883786	0.0097784  	0          	0          	0          	0          	0          	0          	0          	0          	1.30758    	1.27993    	2.16287    	1.12885    	0          	0          	0          	0          	0          	0          	0          	0          	0.0323766	-nan	-nan	-0.00128315	-0.0370261 	-0.00883786	0.0097784  	1.30758    	1.27993    	2.16287    	1.12885    	0.0323766	
