#----------------------------------------------------------------------------------------------------------------------------------------------------------
# Output file for vampire simulation
#   time       : 2025-10-19 20:11:07     process id : 88158
#   hostname   : 53a6091906e1
#   path       : /content/drive/MyDrive/Colab Notebooks/vampire phase diagram
#   version    : 7.0.0
#   githash    : 525bc27ee44c525aee229570f30f3d4c61d54f66
#----------------------------------------------------------------------------------------------------------------------------------------------------------
2e-12      	8          	-0.000334462	-0.000409573	0.999996   	0.958262   	0          	0          	0          	0          	0          	0          	0          	0          	0.124713   	0.112253   	40.0938    	40.0913    	0          	0          	0          	0          	0          	0          	0          	0          	12608.4	-nan	-nan	-0.000334462	-0.000409573	0.999996   	0.958262   	0.124713   	0.112253   	40.0938    	40.0913    	12608.4	
3e-12      	7.8        	-2.4792e-05	0.000333594	0.999995   	0.961034   	0          	0          	0          	0          	0          	0          	0          	0          	0.124792   	0.151906   	0.00412244 	0.00411789 	0          	0          	0          	0          	0          	0          	0          	0          	1.2639	-nan	-nan	-2.4792e-05	0.000333594	0.999995   	0.961034   	0.124792   	0.151906   	0.00412244 	0.00411789 	1.2639	
4e-12      	7.6        	0.000101187	3.11044e-05	0.999996   	0.960029   	0          	0          	0          	0          	0          	0          	0          	0          	0.116554   	0.128578   	0.00602698 	0.00603069 	0          	0          	0          	0          	0          	0          	0          	0          	1.75629	-nan	-nan	0.000101187	3.11044e-05	0.999996   	0.960029   	0.116554   	0.128578   	0.00602698 	0.00603069 	1.75629	
5e-12      	7.4        	-0.000275344	-0.000200058	0.999996   	0.959043   	0          	0          	0          	0          	0          	0          	0          	0          	0.123622   	0.118866   	0.0052457  	0.00523302 	0          	0          	0          	0          	0          	0          	0          	0          	1.45123	-nan	-nan	-0.000275344	-0.000200058	0.999996   	0.959043   	0.123622   	0.118866   	0.0052457  	0.00523302 	1.45123	
6e-12      	7.2        	6.87986e-05	-9.34416e-05	0.999996   	0.957843   	0          	0          	0          	0          	0          	0          	0          	0          	0.127327   	0.10684    	0.00479523 	0.00479426 	0          	0          	0          	0          	0          	0          	0          	0          	1.25737	-nan	-nan	6.87986e-05	-9.34416e-05	0.999996   	0.957843   	0.127327   	0.10684    	0.00479523 	0.00479426 	1.25737	
7e-12      	7          	5.05754e-05	0.000326292	0.999995   	0.956679   	0          	0          	0          	0          	0          	0          	0          	0          	0.130631   	0.129994   	0.00529914 	0.00529325 	0          	0          	0          	0          	0          	0          	0          	0          	1.31574	-nan	-nan	5.05754e-05	0.000326292	0.999995   	0.956679   	0.130631   	0.129994   	0.00529914 	0.00529325 	1.31574	
8e-12      	6.8        	0.000265802	-0.000228003	0.999995   	0.955493   	0          	0          	0          	0          	0          	0          	0          	0          	0.153197   	0.128703   	0.00782018 	0.00782155 	0          	0          	0          	0          	0          	0          	0          	0          	1.83509	-nan	-nan	0.000265802	-0.000228003	0.999995   	0.955493   	0.153197   	0.128703   	0.00782018 	0.00782155 	1.83509	
9e-12      	6.6        	-3.88117e-05	-5.58075e-06	0.999996   	0.95414    	0          	0          	0          	0          	0          	0          	0          	0          	0.110168   	0.132627   	0.00719885 	0.00719356 	0          	0          	0          	0          	0          	0          	0          	0          	1.59434	-nan	-nan	-3.88117e-05	-5.58075e-06	0.999996   	0.95414    	0.110168   	0.132627   	0.00719885 	0.00719356 	1.59434	
1e-11      	6.4        	6.61663e-05	0.000186573	0.999995   	0.952837   	0          	0          	0          	0          	0          	0          	0          	0          	0.146579   	0.129036   	0.0080469  	0.00803993 	0          	0          	0          	0          	0          	0          	0          	0          	1.67904	-nan	-nan	6.61663e-05	0.000186573	0.999995   	0.952837   	0.146579   	0.129036   	0.0080469  	0.00803993 	1.67904	
1.1e-11    	6.2        	0.000213704	-0.000358401	0.999995   	0.951306   	0          	0          	0          	0          	0          	0          	0          	0          	0.150687   	0.14335    	0.00765875 	0.00765172 	0          	0          	0          	0          	0          	0          	0          	0          	1.50254	-nan	-nan	0.000213704	-0.000358401	0.999995   	0.951306   	0.150687   	0.14335    	0.00765875 	0.00765172 	1.50254	
1.2e-11    	6          	7.117e-05  	0.000808121	0.999994   	0.949801   	0          	0          	0          	0          	0          	0          	0          	0          	0.165721   	0.146042   	0.00794484 	0.00793901 	0          	0          	0          	0          	0          	0          	0          	0          	1.46263	-nan	-nan	7.117e-05  	0.000808121	0.999994   	0.949801   	0.165721   	0.146042   	0.00794484 	0.00793901 	1.46263	
1.3e-11    	5.8        	-0.000208971	0.000237447	0.999994   	0.948109   	0          	0          	0          	0          	0          	0          	0          	0          	0.151214   	0.156403   	0.0089885  	0.00898286 	0          	0          	0          	0          	0          	0          	0          	0          	1.54961	-nan	-nan	-0.000208971	0.000237447	0.999994   	0.948109   	0.151214   	0.156403   	0.0089885  	0.00898286 	1.54961	
1.4e-11    	5.6        	0.000301399	-0.000351596	0.999993   	0.946289   	0          	0          	0          	0          	0          	0          	0          	0          	0.160467   	0.192556   	0.00865714 	0.0086483  	0          	0          	0          	0          	0          	0          	0          	0          	1.39443	-nan	-nan	0.000301399	-0.000351596	0.999993   	0.946289   	0.160467   	0.192556   	0.00865714 	0.0086483  	1.39443	
1.5e-11    	5.4        	-0.000171505	0.000159683	0.999994   	0.94431    	0          	0          	0          	0          	0          	0          	0          	0          	0.151351   	0.158344   	0.0100699  	0.010062   	0          	0          	0          	0          	0          	0          	0          	0          	1.51186	-nan	-nan	-0.000171505	0.000159683	0.999994   	0.94431    	0.151351   	0.158344   	0.0100699  	0.010062   	1.51186	
1.6e-11    	5.2        	6.79882e-06	9.87007e-05	0.999993   	0.942287   	0          	0          	0          	0          	0          	0          	0          	0          	0.15069    	0.206358   	0.00946862 	0.00948853 	0          	0          	0          	0          	0          	0          	0          	0          	1.32173	-nan	-nan	6.79882e-06	9.87007e-05	0.999993   	0.942287   	0.15069    	0.206358   	0.00946862 	0.00948853 	1.32173	
1.7e-11    	5          	-0.000177603	0.000174988	0.999993   	0.939963   	0          	0          	0          	0          	0          	0          	0          	0          	0.191477   	0.165857   	0.0116046  	0.0115995  	0          	0          	0          	0          	0          	0          	0          	0          	1.50181	-nan	-nan	-0.000177603	0.000174988	0.999993   	0.939963   	0.191477   	0.165857   	0.0116046  	0.0115995  	1.50181	
1.8e-11    	4.8        	-6.72395e-05	0.000186917	0.999993   	0.937635   	0          	0          	0          	0          	0          	0          	0          	0          	0.199552   	0.200407   	0.0124493  	0.0124343  	0          	0          	0          	0          	0          	0          	0          	0          	1.48873	-nan	-nan	-6.72395e-05	0.000186917	0.999993   	0.937635   	0.199552   	0.200407   	0.0124493  	0.0124343  	1.48873	
1.9e-11    	4.6        	0.000194394	9.60331e-05	0.999992   	0.935045   	0          	0          	0          	0          	0          	0          	0          	0          	0.22778    	0.202835   	0.0137753  	0.0137828  	0          	0          	0          	0          	0          	0          	0          	0          	1.51848	-nan	-nan	0.000194394	9.60331e-05	0.999992   	0.935045   	0.22778    	0.202835   	0.0137753  	0.0137828  	1.51848	
2e-11      	4.4        	-4.36548e-05	0.000101841	0.999993   	0.932209   	0          	0          	0          	0          	0          	0          	0          	0          	0.204402   	0.187753   	0.0150257  	0.0150224  	0          	0          	0          	0          	0          	0          	0          	0          	1.51953	-nan	-nan	-4.36548e-05	0.000101841	0.999993   	0.932209   	0.204402   	0.187753   	0.0150257  	0.0150224  	1.51953	
2.1e-11    	4.2        	-1.42059e-05	-0.00012049	0.999992   	0.929118   	0          	0          	0          	0          	0          	0          	0          	0          	0.200002   	0.242645   	0.0169839  	0.0169447  	0          	0          	0          	0          	0          	0          	0          	0          	1.57154	-nan	-nan	-1.42059e-05	-0.00012049	0.999992   	0.929118   	0.200002   	0.242645   	0.0169839  	0.0169447  	1.57154	
2.2e-11    	4          	0.000546007	0.00018804 	0.999992   	0.925816   	0          	0          	0          	0          	0          	0          	0          	0          	0.216175   	0.220668   	0.0210632  	0.021074   	0          	0          	0          	0          	0          	0          	0          	0          	1.77482	-nan	-nan	0.000546007	0.00018804 	0.999992   	0.925816   	0.216175   	0.220668   	0.0210632  	0.021074   	1.77482	
2.3e-11    	3.8        	-0.000114013	2.70496e-05	0.999991   	0.922027   	0          	0          	0          	0          	0          	0          	0          	0          	0.221737   	0.246845   	0.019756   	0.0197754  	0          	0          	0          	0          	0          	0          	0          	0          	1.50738	-nan	-nan	-0.000114013	2.70496e-05	0.999991   	0.922027   	0.221737   	0.246845   	0.019756   	0.0197754  	1.50738	
2.4e-11    	3.6        	-0.000140519	-0.000381687	0.999991   	0.917693   	0          	0          	0          	0          	0          	0          	0          	0          	0.217515   	0.235294   	0.0230268  	0.0230128  	0          	0          	0          	0          	0          	0          	0          	0          	1.5851	-nan	-nan	-0.000140519	-0.000381687	0.999991   	0.917693   	0.217515   	0.235294   	0.0230268  	0.0230128  	1.5851	
2.5e-11    	3.4        	-0.000361223	3.25642e-05	0.999991   	0.913222   	0          	0          	0          	0          	0          	0          	0          	0          	0.214683   	0.241784   	0.0255012  	0.0255131  	0          	0          	0          	0          	0          	0          	0          	0          	1.57363	-nan	-nan	-0.000361223	3.25642e-05	0.999991   	0.913222   	0.214683   	0.241784   	0.0255012  	0.0255131  	1.57363	
2.6e-11    	3.2        	3.29976e-05	-0.000395722	0.999989   	0.907808   	0          	0          	0          	0          	0          	0          	0          	0          	0.269631   	0.29047    	0.0293763  	0.0294062  	0          	0          	0          	0          	0          	0          	0          	0          	1.61005	-nan	-nan	3.29976e-05	-0.000395722	0.999989   	0.907808   	0.269631   	0.29047    	0.0293763  	0.0294062  	1.61005	
2.7e-11    	3          	-0.000428143	0.000534535	0.999988   	0.90224    	0          	0          	0          	0          	0          	0          	0          	0          	0.307389   	0.291651   	0.0276103  	0.0275384  	0          	0          	0          	0          	0          	0          	0          	0          	1.3394	-nan	-nan	-0.000428143	0.000534535	0.999988   	0.90224    	0.307389   	0.291651   	0.0276103  	0.0275384  	1.3394	
2.8e-11    	2.8        	0.000661778	3.8701e-05 	0.999988   	0.895496   	0          	0          	0          	0          	0          	0          	0          	0          	0.285175   	0.287103   	0.0342385  	0.0342253  	0          	0          	0          	0          	0          	0          	0          	0          	1.45887	-nan	-nan	0.000661778	3.8701e-05 	0.999988   	0.895496   	0.285175   	0.287103   	0.0342385  	0.0342253  	1.45887	
2.9e-11    	2.6        	-0.000261671	-0.000213493	0.999986   	0.887787   	0          	0          	0          	0          	0          	0          	0          	0          	0.36881    	0.299867   	0.0419844  	0.0419757  	0          	0          	0          	0          	0          	0          	0          	0          	1.55186	-nan	-nan	-0.000261671	-0.000213493	0.999986   	0.887787   	0.36881    	0.299867   	0.0419844  	0.0419757  	1.55186	
3e-11      	2.4        	4.38566e-06	-0.00032765	0.999986   	0.879059   	0          	0          	0          	0          	0          	0          	0          	0          	0.401388   	0.277351   	0.0498392  	0.0498013  	0          	0          	0          	0          	0          	0          	0          	0          	1.58265	-nan	-nan	4.38566e-06	-0.00032765	0.999986   	0.879059   	0.401388   	0.277351   	0.0498392  	0.0498013  	1.58265	
3.1e-11    	2.2        	0.000151573	5.3899e-05 	0.999985   	0.868566   	0          	0          	0          	0          	0          	0          	0          	0          	0.330767   	0.364915   	0.0576576  	0.0576855  	0          	0          	0          	0          	0          	0          	0          	0          	1.55388	-nan	-nan	0.000151573	5.3899e-05 	0.999985   	0.868566   	0.330767   	0.364915   	0.0576576  	0.0576855  	1.55388	
3.2e-11    	2          	0.000303581	-0.000297331	0.999981   	0.856024   	0          	0          	0          	0          	0          	0          	0          	0          	0.457865   	0.393322   	0.0751575  	0.0751229  	0          	0          	0          	0          	0          	0          	0          	0          	1.68405	-nan	-nan	0.000303581	-0.000297331	0.999981   	0.856024   	0.457865   	0.393322   	0.0751575  	0.0751229  	1.68405	
3.3e-11    	1.8        	-5.21374e-05	0.000818156	0.999982   	0.841007   	0          	0          	0          	0          	0          	0          	0          	0          	0.377891   	0.373195   	0.0975342  	0.0975302  	0          	0          	0          	0          	0          	0          	0          	0          	1.78747	-nan	-nan	-5.21374e-05	0.000818156	0.999982   	0.841007   	0.377891   	0.373195   	0.0975342  	0.0975302  	1.78747	
3.4e-11    	1.6        	0.00063257 	0.000309995	0.99998    	0.82192    	0          	0          	0          	0          	0          	0          	0          	0          	0.417788   	0.401674   	0.122985   	0.123121   	0          	0          	0          	0          	0          	0          	0          	0          	1.8038	-nan	-nan	0.00063257 	0.000309995	0.99998    	0.82192    	0.417788   	0.401674   	0.122985   	0.123121   	1.8038	
3.5e-11    	1.4        	-7.72382e-05	-0.000732119	0.999975   	0.79722    	0          	0          	0          	0          	0          	0          	0          	0          	0.433822   	0.548878   	0.138968   	0.139058   	0          	0          	0          	0          	0          	0          	0          	0          	1.57314	-nan	-nan	-7.72382e-05	-0.000732119	0.999975   	0.79722    	0.433822   	0.548878   	0.138968   	0.139058   	1.57314	
3.6e-11    	1.2        	-0.000640316	0.000251793	0.99997    	0.765059   	0          	0          	0          	0          	0          	0          	0          	0          	0.537837   	0.532843   	0.248202   	0.247878   	0          	0          	0          	0          	0          	0          	0          	0          	2.05884	-nan	-nan	-0.000640316	0.000251793	0.99997    	0.765059   	0.537837   	0.532843   	0.248202   	0.247878   	2.05884	
3.7e-11    	1          	-0.000292847	-0.000880081	0.999961   	0.720305   	0          	0          	0          	0          	0          	0          	0          	0          	0.622177   	0.610179   	0.355347   	0.355777   	0          	0          	0          	0          	0          	0          	0          	0          	2.07171	-nan	-nan	-0.000292847	-0.000880081	0.999961   	0.720305   	0.622177   	0.610179   	0.355347   	0.355777   	2.07171	
3.8e-11    	0.8        	0.000664842	0.000689375	0.999944   	0.655102   	0          	0          	0          	0          	0          	0          	0          	0          	0.788364   	0.680116   	0.588583   	0.588779   	0          	0          	0          	0          	0          	0          	0          	0          	2.22729	-nan	-nan	0.000664842	0.000689375	0.999944   	0.655102   	0.788364   	0.680116   	0.588583   	0.588779   	2.22729	
3.9e-11    	0.6        	0.000788605	0.000173696	0.999915   	0.559418   	0          	0          	0          	0          	0          	0          	0          	0          	0.803267   	0.815789   	0.945031   	0.943798   	0          	0          	0          	0          	0          	0          	0          	0          	2.03398	-nan	-nan	0.000788605	0.000173696	0.999915   	0.559418   	0.803267   	0.815789   	0.945031   	0.943798   	2.03398	
4e-11      	0.4        	0.00115562 	0.000309411	0.999841   	0.420237   	0          	0          	0          	0          	0          	0          	0          	0          	0.807953   	0.911797   	1.28639    	1.28568    	0          	0          	0          	0          	0          	0          	0          	0          	1.23504	-nan	-nan	0.00115562 	0.000309411	0.999841   	0.420237   	0.807953   	0.911797   	1.28639    	1.28568    	1.23504	
4.1e-11    	0.2        	-0.00149933	0.00264981 	0.999432   	0.228861   	0          	0          	0          	0          	0          	0          	0          	0          	0.907216   	0.898871   	1.60158    	1.59935    	0          	0          	0          	0          	0          	0          	0          	0          	0.410685	-nan	-nan	-0.00149933	0.00264981 	0.999432   	0.228861   	0.907216   	0.898871   	1.60158    	1.59935    	0.410685	
4.2e-11    	-0         	-0.0102001 	-0.037159  	-0.00717045	0.00982833 	0          	0          	0          	0          	0          	0          	0          	0          	1.08602    	1.00484    	1.67543    	0.806817   	0          	0          	0          	0          	0          	0          	0          	0          	0.0213784	-nan	-nan	-0.0102001 	-0.037159  	-0.00717045	0.00982833 	1.08602    	1.00484    	1.67543    	0.806817   	0.0213784	
