#----------------------------------------------------------------------------------------------------------------------------------------------------------
# Output file for vampire simulation
#   time       : 2025-10-19 20:16:32     process id : 89475
#   hostname   : 53a6091906e1
#   path       : /content/drive/MyDrive/Colab Notebooks/vampire phase diagram
#   version    : 7.0.0
#   githash    : 525bc27ee44c525aee229570f30f3d4c61d54f66
#----------------------------------------------------------------------------------------------------------------------------------------------------------
2e-12      	8          	-0.000346572	-0.000464521	0.999994   	0.952863   	0          	0          	0          	0          	0          	0          	0          	0          	0.133686   	0.106699   	33.7987    	33.79      	0          	0          	0          	0          	0          	0          	0          	0          	9297.47	-nan	-nan	-0.000346572	-0.000464521	0.999994   	0.952863   	0.133686   	0.106699   	33.7987    	33.79      	9297.47	
3e-12      	7.8        	8.53132e-06	0.000157063	0.999995   	0.955442   	0          	0          	0          	0          	0          	0          	0          	0          	0.104978   	0.132577   	0.0058531  	0.00584862 	0          	0          	0          	0          	0          	0          	0          	0          	1.5689	-nan	-nan	8.53132e-06	0.000157063	0.999995   	0.955442   	0.104978   	0.132577   	0.0058531  	0.00584862 	1.5689	
4e-12      	7.6        	0.000456396	-0.000180651	0.999995   	0.954352   	0          	0          	0          	0          	0          	0          	0          	0          	0.125042   	0.1168     	0.00617572 	0.00618428 	0          	0          	0          	0          	0          	0          	0          	0          	1.57286	-nan	-nan	0.000456396	-0.000180651	0.999995   	0.954352   	0.125042   	0.1168     	0.00617572 	0.00618428 	1.57286	
5e-12      	7.4        	-0.000224102	-8.64635e-05	0.999994   	0.95316    	0          	0          	0          	0          	0          	0          	0          	0          	0.15582    	0.11625    	0.00598477 	0.00597977 	0          	0          	0          	0          	0          	0          	0          	0          	1.44748	-nan	-nan	-0.000224102	-8.64635e-05	0.999994   	0.95316    	0.15582    	0.11625    	0.00598477 	0.00597977 	1.44748	
6e-12      	7.2        	-0.000221767	0.000144258	0.999995   	0.951861   	0          	0          	0          	0          	0          	0          	0          	0          	0.132443   	0.116719   	0.00721133 	0.00721529 	0          	0          	0          	0          	0          	0          	0          	0          	1.65346	-nan	-nan	-0.000221767	0.000144258	0.999995   	0.951861   	0.132443   	0.116719   	0.00721133 	0.00721529 	1.65346	
7e-12      	7          	0.000211214	0.000220898	0.999994   	0.950469   	0          	0          	0          	0          	0          	0          	0          	0          	0.137896   	0.148883   	0.0071148  	0.00711006 	0          	0          	0          	0          	0          	0          	0          	0          	1.54483	-nan	-nan	0.000211214	0.000220898	0.999994   	0.950469   	0.137896   	0.148883   	0.0071148  	0.00711006 	1.54483	
8e-12      	6.8        	0.000519285	-0.000330176	0.999994   	0.949044   	0          	0          	0          	0          	0          	0          	0          	0          	0.14556    	0.135049   	0.00646627 	0.00647364 	0          	0          	0          	0          	0          	0          	0          	0          	1.32653	-nan	-nan	0.000519285	-0.000330176	0.999994   	0.949044   	0.14556    	0.135049   	0.00646627 	0.00647364 	1.32653	
9e-12      	6.6        	0.000118238	-0.000216991	0.999994   	0.947651   	0          	0          	0          	0          	0          	0          	0          	0          	0.149906   	0.145615   	0.00783981 	0.00783373 	0          	0          	0          	0          	0          	0          	0          	0          	1.5173	-nan	-nan	0.000118238	-0.000216991	0.999994   	0.947651   	0.149906   	0.145615   	0.00783981 	0.00783373 	1.5173	
1e-11      	6.4        	0.000388215	-4.59444e-05	0.999994   	0.945989   	0          	0          	0          	0          	0          	0          	0          	0          	0.1651     	0.12288    	0.00753176 	0.00753068 	0          	0          	0          	0          	0          	0          	0          	0          	1.37398	-nan	-nan	0.000388215	-4.59444e-05	0.999994   	0.945989   	0.1651     	0.12288    	0.00753176 	0.00753068 	1.37398	
1.1e-11    	6.2        	0.000208091	0.000324496	0.999994   	0.944371   	0          	0          	0          	0          	0          	0          	0          	0          	0.134753   	0.133825   	0.00975839 	0.00978096 	0          	0          	0          	0          	0          	0          	0          	0          	1.67274	-nan	-nan	0.000208091	0.000324496	0.999994   	0.944371   	0.134753   	0.133825   	0.00975839 	0.00978096 	1.67274	
1.2e-11    	6          	0.000126023	0.000381366	0.999994   	0.942542   	0          	0          	0          	0          	0          	0          	0          	0          	0.149171   	0.134418   	0.00838999 	0.00839505 	0          	0          	0          	0          	0          	0          	0          	0          	1.34984	-nan	-nan	0.000126023	0.000381366	0.999994   	0.942542   	0.149171   	0.134418   	0.00838999 	0.00839505 	1.34984	
1.3e-11    	5.8        	-0.00018552	0.000123496	0.999993   	0.940638   	0          	0          	0          	0          	0          	0          	0          	0          	0.156104   	0.176132   	0.0106168  	0.0106172  	0          	0          	0          	0          	0          	0          	0          	0          	1.59924	-nan	-nan	-0.00018552	0.000123496	0.999993   	0.940638   	0.156104   	0.176132   	0.0106168  	0.0106172  	1.59924	
1.4e-11    	5.6        	-0.000394102	0.000162169	0.999994   	0.938613   	0          	0          	0          	0          	0          	0          	0          	0          	0.140563   	0.154153   	0.0106267  	0.0106362  	0          	0          	0          	0          	0          	0          	0          	0          	1.49564	-nan	-nan	-0.000394102	0.000162169	0.999994   	0.938613   	0.140563   	0.154153   	0.0106267  	0.0106362  	1.49564	
1.5e-11    	5.4        	-6.27445e-05	0.000237221	0.999993   	0.936361   	0          	0          	0          	0          	0          	0          	0          	0          	0.136071   	0.197044   	0.0115785  	0.0115939  	0          	0          	0          	0          	0          	0          	0          	0          	1.519	-nan	-nan	-6.27445e-05	0.000237221	0.999993   	0.936361   	0.136071   	0.197044   	0.0115785  	0.0115939  	1.519	
1.6e-11    	5.2        	3.33121e-05	-0.000168938	0.999993   	0.934001   	0          	0          	0          	0          	0          	0          	0          	0          	0.170838   	0.145079   	0.0115198  	0.0115247  	0          	0          	0          	0          	0          	0          	0          	0          	1.40405	-nan	-nan	3.33121e-05	-0.000168938	0.999993   	0.934001   	0.170838   	0.145079   	0.0115198  	0.0115247  	1.40405	
1.7e-11    	5          	0.000164772	0.000289925	0.999992   	0.931484   	0          	0          	0          	0          	0          	0          	0          	0          	0.194034   	0.170413   	0.013778   	0.0138007  	0          	0          	0          	0          	0          	0          	0          	0          	1.55642	-nan	-nan	0.000164772	0.000289925	0.999992   	0.931484   	0.194034   	0.170413   	0.013778   	0.0138007  	1.55642	
1.8e-11    	4.8        	-0.000317015	-6.67286e-05	0.999991   	0.928597   	0          	0          	0          	0          	0          	0          	0          	0          	0.216341   	0.17885    	0.013914   	0.013919   	0          	0          	0          	0          	0          	0          	0          	0          	1.4539	-nan	-nan	-0.000317015	-6.67286e-05	0.999991   	0.928597   	0.216341   	0.17885    	0.013914   	0.013919   	1.4539	
1.9e-11    	4.6        	0.000125477	-0.000515504	0.999992   	0.925587   	0          	0          	0          	0          	0          	0          	0          	0          	0.201677   	0.1741     	0.0171332  	0.0171279  	0          	0          	0          	0          	0          	0          	0          	0          	1.65016	-nan	-nan	0.000125477	-0.000515504	0.999992   	0.925587   	0.201677   	0.1741     	0.0171332  	0.0171279  	1.65016	
2e-11      	4.4        	3.93226e-05	-9.18596e-05	0.999992   	0.922409   	0          	0          	0          	0          	0          	0          	0          	0          	0.191282   	0.188248   	0.0170979  	0.0171111  	0          	0          	0          	0          	0          	0          	0          	0          	1.50993	-nan	-nan	3.93226e-05	-9.18596e-05	0.999992   	0.922409   	0.191282   	0.188248   	0.0170979  	0.0171111  	1.50993	
2.1e-11    	4.2        	-9.25238e-05	0.000291328	0.999991   	0.918996   	0          	0          	0          	0          	0          	0          	0          	0          	0.187822   	0.218492   	0.0185419  	0.0185607  	0          	0          	0          	0          	0          	0          	0          	0          	1.49651	-nan	-nan	-9.25238e-05	0.000291328	0.999991   	0.918996   	0.187822   	0.218492   	0.0185419  	0.0185607  	1.49651	
2.2e-11    	4          	-0.000432727	7.25101e-05	0.99999    	0.914952   	0          	0          	0          	0          	0          	0          	0          	0          	0.210789   	0.249859   	0.0206267  	0.0206551  	0          	0          	0          	0          	0          	0          	0          	0          	1.51728	-nan	-nan	-0.000432727	7.25101e-05	0.99999    	0.914952   	0.210789   	0.249859   	0.0206267  	0.0206551  	1.51728	
2.3e-11    	3.8        	-0.000148936	-0.000461098	0.999991   	0.910806   	0          	0          	0          	0          	0          	0          	0          	0          	0.183424   	0.208957   	0.0198353  	0.0198437  	0          	0          	0          	0          	0          	0          	0          	0          	1.32315	-nan	-nan	-0.000148936	-0.000461098	0.999991   	0.910806   	0.183424   	0.208957   	0.0198353  	0.0198437  	1.32315	
2.4e-11    	3.6        	0.000155599	-0.000397413	0.999989   	0.905892   	0          	0          	0          	0          	0          	0          	0          	0          	0.229067   	0.267765   	0.0255381  	0.0255204  	0          	0          	0          	0          	0          	0          	0          	0          	1.53272	-nan	-nan	0.000155599	-0.000397413	0.999989   	0.905892   	0.229067   	0.267765   	0.0255381  	0.0255204  	1.53272	
2.5e-11    	3.4        	-0.000104646	-5.02353e-05	0.999988   	0.900624   	0          	0          	0          	0          	0          	0          	0          	0          	0.248244   	0.253842   	0.0303197  	0.0303391  	0          	0          	0          	0          	0          	0          	0          	0          	1.6312	-nan	-nan	-0.000104646	-5.02353e-05	0.999988   	0.900624   	0.248244   	0.253842   	0.0303197  	0.0303391  	1.6312	
2.6e-11    	3.2        	-0.00056261	-0.000142067	0.999988   	0.894576   	0          	0          	0          	0          	0          	0          	0          	0          	0.274992   	0.218537   	0.0310944  	0.0310859  	0          	0          	0          	0          	0          	0          	0          	0          	1.49291	-nan	-nan	-0.00056261	-0.000142067	0.999988   	0.894576   	0.274992   	0.218537   	0.0310944  	0.0310859  	1.49291	
2.7e-11    	3          	0.000274292	0.000463928	0.999987   	0.887934   	0          	0          	0          	0          	0          	0          	0          	0          	0.262625   	0.277937   	0.0383932  	0.038457   	0          	0          	0          	0          	0          	0          	0          	0          	1.62492	-nan	-nan	0.000274292	0.000463928	0.999987   	0.887934   	0.262625   	0.277937   	0.0383932  	0.038457   	1.62492	
2.8e-11    	2.8        	9.26756e-06	-0.000348919	0.999987   	0.880383   	0          	0          	0          	0          	0          	0          	0          	0          	0.223128   	0.304616   	0.0451434  	0.0451641  	0          	0          	0          	0          	0          	0          	0          	0          	1.67532	-nan	-nan	9.26756e-06	-0.000348919	0.999987   	0.880383   	0.223128   	0.304616   	0.0451434  	0.0451641  	1.67532	
2.9e-11    	2.6        	-0.000255434	-0.000265671	0.999983   	0.871564   	0          	0          	0          	0          	0          	0          	0          	0          	0.333201   	0.340831   	0.048613   	0.0485634  	0          	0          	0          	0          	0          	0          	0          	0          	1.56109	-nan	-nan	-0.000255434	-0.000265671	0.999983   	0.871564   	0.333201   	0.340831   	0.048613   	0.0485634  	1.56109	
3e-11      	2.4        	0.000304904	-0.000159972	0.999984   	0.861101   	0          	0          	0          	0          	0          	0          	0          	0          	0.336809   	0.316957   	0.0609129  	0.0608649  	0          	0          	0          	0          	0          	0          	0          	0          	1.67848	-nan	-nan	0.000304904	-0.000159972	0.999984   	0.861101   	0.336809   	0.316957   	0.0609129  	0.0608649  	1.67848	
3.1e-11    	2.2        	3.70626e-05	-0.000393816	0.999984   	0.849168   	0          	0          	0          	0          	0          	0          	0          	0          	0.288339   	0.310461   	0.0682467  	0.06816    	0          	0          	0          	0          	0          	0          	0          	0          	1.59291	-nan	-nan	3.70626e-05	-0.000393816	0.999984   	0.849168   	0.288339   	0.310461   	0.0682467  	0.06816    	1.59291	
3.2e-11    	2          	0.000487927	-0.000680079	0.999981   	0.834699   	0          	0          	0          	0          	0          	0          	0          	0          	0.363732   	0.351821   	0.088677   	0.0888108  	0          	0          	0          	0          	0          	0          	0          	0          	1.72296	-nan	-nan	0.000487927	-0.000680079	0.999981   	0.834699   	0.363732   	0.351821   	0.088677   	0.0888108  	1.72296	
3.3e-11    	1.8        	-0.000215723	-1.12249e-05	0.999977   	0.81745    	0          	0          	0          	0          	0          	0          	0          	0          	0.423983   	0.38575    	0.116036   	0.115896   	0          	0          	0          	0          	0          	0          	0          	0          	1.83788	-nan	-nan	-0.000215723	-1.12249e-05	0.999977   	0.81745    	0.423983   	0.38575    	0.116036   	0.115896   	1.83788	
3.4e-11    	1.6        	-0.000251674	-4.05286e-05	0.999972   	0.794741   	0          	0          	0          	0          	0          	0          	0          	0          	0.450924   	0.497201   	0.147413   	0.147399   	0          	0          	0          	0          	0          	0          	0          	0          	1.85828	-nan	-nan	-0.000251674	-4.05286e-05	0.999972   	0.794741   	0.450924   	0.497201   	0.147413   	0.147399   	1.85828	
3.5e-11    	1.4        	0.000809728	-0.000186256	0.999969   	0.766792   	0          	0          	0          	0          	0          	0          	0          	0          	0.474761   	0.490339   	0.187522   	0.187246   	0          	0          	0          	0          	0          	0          	0          	0          	1.82099	-nan	-nan	0.000809728	-0.000186256	0.999969   	0.766792   	0.474761   	0.490339   	0.187522   	0.187246   	1.82099	
3.6e-11    	1.2        	4.31187e-05	-0.000356989	0.999964   	0.729697   	0          	0          	0          	0          	0          	0          	0          	0          	0.502135   	0.529096   	0.322737   	0.322822   	0          	0          	0          	0          	0          	0          	0          	0          	2.32915	-nan	-nan	4.31187e-05	-0.000356989	0.999964   	0.729697   	0.502135   	0.529096   	0.322737   	0.322822   	2.32915	
3.7e-11    	1          	-0.000289113	-0.000621229	0.999952   	0.678405   	0          	0          	0          	0          	0          	0          	0          	0          	0.530097   	0.649107   	0.417687   	0.41813    	0          	0          	0          	0          	0          	0          	0          	0          	2.08904	-nan	-nan	-0.000289113	-0.000621229	0.999952   	0.678405   	0.530097   	0.649107   	0.417687   	0.41813    	2.08904	
3.8e-11    	0.8        	0.000115504	0.00026705 	0.999937   	0.607935   	0          	0          	0          	0          	0          	0          	0          	0          	0.587308   	0.669443   	0.603444   	0.604092   	0          	0          	0          	0          	0          	0          	0          	0          	1.93537	-nan	-nan	0.000115504	0.00026705 	0.999937   	0.607935   	0.587308   	0.669443   	0.603444   	0.604092   	1.93537	
3.9e-11    	0.6        	0.000477307	-0.00105793	0.999892   	0.508155   	0          	0          	0          	0          	0          	0          	0          	0          	0.734276   	0.759481   	0.884136   	0.884904   	0          	0          	0          	0          	0          	0          	0          	0          	1.61283	-nan	-nan	0.000477307	-0.00105793	0.999892   	0.508155   	0.734276   	0.759481   	0.884136   	0.884904   	1.61283	
4e-11      	0.4        	0.000288173	0.000198514	0.999785   	0.373302   	0          	0          	0          	0          	0          	0          	0          	0          	0.80621    	0.79789    	1.04844    	1.04731    	0          	0          	0          	0          	0          	0          	0          	0          	0.867853	-nan	-nan	0.000288173	0.000198514	0.999785   	0.373302   	0.80621    	0.79789    	1.04844    	1.04731    	0.867853	
4.1e-11    	0.2        	-0.000332763	0.00181326 	0.999249   	0.199556   	0          	0          	0          	0          	0          	0          	0          	0          	0.74834    	0.850545   	1.28814    	1.28673    	0          	0          	0          	0          	0          	0          	0          	0          	0.278252	-nan	-nan	-0.000332763	0.00181326 	0.999249   	0.199556   	0.74834    	0.850545   	1.28814    	1.28673    	0.278252	
4.2e-11    	-0         	-0.0578471 	-0.0211712 	-0.0196699 	0.00962621 	0          	0          	0          	0          	0          	0          	0          	0          	0.898998   	0.859002   	1.3036     	0.581853   	0          	0          	0          	0          	0          	0          	0          	0          	0.0159744	-nan	-nan	-0.0578471 	-0.0211712 	-0.0196699 	0.00962621 	0.898998   	0.859002   	1.3036     	0.581853   	0.0159744	
