#----------------------------------------------------------------------------------------------------------------------------------------------------------
# Output file for vampire simulation
#   time       : 2025-10-19 19:55:01     process id : 84221
#   hostname   : 53a6091906e1
#   path       : /content/drive/MyDrive/Colab Notebooks/vampire phase diagram
#   version    : 7.0.0
#   githash    : 525bc27ee44c525aee229570f30f3d4c61d54f66
#----------------------------------------------------------------------------------------------------------------------------------------------------------
2e-12      	8          	-0.000283967	-0.000429891	0.999996   	0.974349   	0          	0          	0          	0          	0          	0          	0          	0          	0.11916    	0.139615   	73.3372    	73.3084    	0          	0          	0          	0          	0          	0          	0          	0          	40388.5	-nan	-nan	-0.000283967	-0.000429891	0.999996   	0.974349   	0.11916    	0.139615   	73.3372    	73.3084    	40388.5	
3e-12      	7.8        	-0.000144387	0.000219709	0.999998   	0.977763   	0          	0          	0          	0          	0          	0          	0          	0          	0.117953   	0.121676   	0.00292895 	0.00293023 	0          	0          	0          	0          	0          	0          	0          	0          	1.57418	-nan	-nan	-0.000144387	0.000219709	0.999998   	0.977763   	0.117953   	0.121676   	0.00292895 	0.00293023 	1.57418	
4e-12      	7.6        	7.06079e-05	2.01091e-05	0.999998   	0.977163   	0          	0          	0          	0          	0          	0          	0          	0          	0.111807   	0.124732   	0.00257155 	0.00257445 	0          	0          	0          	0          	0          	0          	0          	0          	1.31409	-nan	-nan	7.06079e-05	2.01091e-05	0.999998   	0.977163   	0.111807   	0.124732   	0.00257155 	0.00257445 	1.31409	
5e-12      	7.4        	-0.000205319	-0.000116953	0.999997   	0.976571   	0          	0          	0          	0          	0          	0          	0          	0          	0.132438   	0.12366    	0.00393367 	0.00393445 	0          	0          	0          	0          	0          	0          	0          	0          	1.90853	-nan	-nan	-0.000205319	-0.000116953	0.999997   	0.976571   	0.132438   	0.12366    	0.00393367 	0.00393445 	1.90853	
6e-12      	7.2        	2.14335e-05	-0.00019662	0.999997   	0.976013   	0          	0          	0          	0          	0          	0          	0          	0          	0.137712   	0.142378   	0.00367381 	0.00367106 	0          	0          	0          	0          	0          	0          	0          	0          	1.69017	-nan	-nan	2.14335e-05	-0.00019662	0.999997   	0.976013   	0.137712   	0.142378   	0.00367381 	0.00367106 	1.69017	
7e-12      	7          	-2.76579e-05	0.000185545	0.999997   	0.975323   	0          	0          	0          	0          	0          	0          	0          	0          	0.139715   	0.117674   	0.00350586 	0.00350539 	0          	0          	0          	0          	0          	0          	0          	0          	1.5272	-nan	-nan	-2.76579e-05	0.000185545	0.999997   	0.975323   	0.139715   	0.117674   	0.00350586 	0.00350539 	1.5272	
8e-12      	6.8        	0.000227713	0.000231482	0.999997   	0.974613   	0          	0          	0          	0          	0          	0          	0          	0          	0.146739   	0.137693   	0.00324278 	0.00324087 	0          	0          	0          	0          	0          	0          	0          	0          	1.33521	-nan	-nan	0.000227713	0.000231482	0.999997   	0.974613   	0.146739   	0.137693   	0.00324278 	0.00324087 	1.33521	
9e-12      	6.6        	0.000309992	0.00021973 	0.999997   	0.973861   	0          	0          	0          	0          	0          	0          	0          	0          	0.1295     	0.146308   	0.00361736 	0.00362441 	0          	0          	0          	0          	0          	0          	0          	0          	1.40587	-nan	-nan	0.000309992	0.00021973 	0.999997   	0.973861   	0.1295     	0.146308   	0.00361736 	0.00362441 	1.40587	
1e-11      	6.4        	0.000297477	-1.61194e-05	0.999997   	0.973064   	0          	0          	0          	0          	0          	0          	0          	0          	0.136072   	0.147245   	0.00404194 	0.00404517 	0          	0          	0          	0          	0          	0          	0          	0          	1.48033	-nan	-nan	0.000297477	-1.61194e-05	0.999997   	0.973064   	0.136072   	0.147245   	0.00404194 	0.00404517 	1.48033	
1.1e-11    	6.2        	0.00021759 	-2.90339e-05	0.999997   	0.972161   	0          	0          	0          	0          	0          	0          	0          	0          	0.152937   	0.119758   	0.00431389 	0.00430517 	0          	0          	0          	0          	0          	0          	0          	0          	1.48545	-nan	-nan	0.00021759 	-2.90339e-05	0.999997   	0.972161   	0.152937   	0.119758   	0.00431389 	0.00430517 	1.48545	
1.2e-11    	6          	0.000293643	0.000359913	0.999997   	0.971338   	0          	0          	0          	0          	0          	0          	0          	0          	0.152384   	0.143865   	0.00431882 	0.0043176  	0          	0          	0          	0          	0          	0          	0          	0          	1.39602	-nan	-nan	0.000293643	0.000359913	0.999997   	0.971338   	0.152384   	0.143865   	0.00431882 	0.0043176  	1.39602	
1.3e-11    	5.8        	-0.000145164	0.000149506	0.999997   	0.970379   	0          	0          	0          	0          	0          	0          	0          	0          	0.162243   	0.141187   	0.0039439  	0.00394963 	0          	0          	0          	0          	0          	0          	0          	0          	1.19413	-nan	-nan	-0.000145164	0.000149506	0.999997   	0.970379   	0.162243   	0.141187   	0.0039439  	0.00394963 	1.19413	
1.4e-11    	5.6        	0.000285201	-6.11003e-05	0.999997   	0.969316   	0          	0          	0          	0          	0          	0          	0          	0          	0.151865   	0.155881   	0.00526559 	0.00527667 	0          	0          	0          	0          	0          	0          	0          	0          	1.49022	-nan	-nan	0.000285201	-6.11003e-05	0.999997   	0.969316   	0.151865   	0.155881   	0.00526559 	0.00527667 	1.49022	
1.5e-11    	5.4        	-2.7449e-05	-8.43203e-05	0.999996   	0.968255   	0          	0          	0          	0          	0          	0          	0          	0          	0.152795   	0.215779   	0.00550037 	0.00549883 	0          	0          	0          	0          	0          	0          	0          	0          	1.4514	-nan	-nan	-2.7449e-05	-8.43203e-05	0.999996   	0.968255   	0.152795   	0.215779   	0.00550037 	0.00549883 	1.4514	
1.6e-11    	5.2        	-0.000257214	0.000183538	0.999996   	0.967055   	0          	0          	0          	0          	0          	0          	0          	0          	0.165799   	0.209269   	0.00645879 	0.00646627 	0          	0          	0          	0          	0          	0          	0          	0          	1.58487	-nan	-nan	-0.000257214	0.000183538	0.999996   	0.967055   	0.165799   	0.209269   	0.00645879 	0.00646627 	1.58487	
1.7e-11    	5          	0.0002107  	-3.76753e-05	0.999996   	0.965787   	0          	0          	0          	0          	0          	0          	0          	0          	0.178993   	0.214234   	0.00714489 	0.00714497 	0          	0          	0          	0          	0          	0          	0          	0          	1.62482	-nan	-nan	0.0002107  	-3.76753e-05	0.999996   	0.965787   	0.178993   	0.214234   	0.00714489 	0.00714497 	1.62482	
1.8e-11    	4.8        	-0.000253417	-8.44371e-06	0.999996   	0.964474   	0          	0          	0          	0          	0          	0          	0          	0          	0.207002   	0.200537   	0.00658786 	0.00658679 	0          	0          	0          	0          	0          	0          	0          	0          	1.38629	-nan	-nan	-0.000253417	-8.44371e-06	0.999996   	0.964474   	0.207002   	0.200537   	0.00658786 	0.00658679 	1.38629	
1.9e-11    	4.6        	1.38118e-06	-5.55118e-05	0.999996   	0.962978   	0          	0          	0          	0          	0          	0          	0          	0          	0.191408   	0.189626   	0.00818335 	0.00819208 	0          	0          	0          	0          	0          	0          	0          	0          	1.58573	-nan	-nan	1.38118e-06	-5.55118e-05	0.999996   	0.962978   	0.191408   	0.189626   	0.00818335 	0.00819208 	1.58573	
2e-11      	4.4        	-0.000465555	9.70154e-05	0.999996   	0.961336   	0          	0          	0          	0          	0          	0          	0          	0          	0.182733   	0.182518   	0.00885949 	0.00885333 	0          	0          	0          	0          	0          	0          	0          	0          	1.57733	-nan	-nan	-0.000465555	9.70154e-05	0.999996   	0.961336   	0.182733   	0.182518   	0.00885949 	0.00885333 	1.57733	
2.1e-11    	4.2        	0.000301025	-7.25929e-05	0.999996   	0.959653   	0          	0          	0          	0          	0          	0          	0          	0          	0.215999   	0.221693   	0.00855558 	0.008548   	0          	0          	0          	0          	0          	0          	0          	0          	1.39417	-nan	-nan	0.000301025	-7.25929e-05	0.999996   	0.959653   	0.215999   	0.221693   	0.00855558 	0.008548   	1.39417	
2.2e-11    	4          	5.55483e-05	-0.000191883	0.999995   	0.957657   	0          	0          	0          	0          	0          	0          	0          	0          	0.220052   	0.253329   	0.0109372  	0.0109268  	0          	0          	0          	0          	0          	0          	0          	0          	1.62451	-nan	-nan	5.55483e-05	-0.000191883	0.999995   	0.957657   	0.220052   	0.253329   	0.0109372  	0.0109268  	1.62451	
2.3e-11    	3.8        	0.000227968	-6.33156e-05	0.999995   	0.955632   	0          	0          	0          	0          	0          	0          	0          	0          	0.221265   	0.227741   	0.0107148  	0.0107108  	0          	0          	0          	0          	0          	0          	0          	0          	1.44345	-nan	-nan	0.000227968	-6.33156e-05	0.999995   	0.955632   	0.221265   	0.227741   	0.0107148  	0.0107108  	1.44345	
2.4e-11    	3.6        	7.5621e-05 	0.000109531	0.999995   	0.953182   	0          	0          	0          	0          	0          	0          	0          	0          	0.245302   	0.231444   	0.0126612  	0.0126835  	0          	0          	0          	0          	0          	0          	0          	0          	1.53912	-nan	-nan	7.5621e-05 	0.000109531	0.999995   	0.953182   	0.245302   	0.231444   	0.0126612  	0.0126835  	1.53912	
2.5e-11    	3.4        	4.80061e-05	0.000207629	0.999995   	0.950575   	0          	0          	0          	0          	0          	0          	0          	0          	0.264621   	0.263071   	0.0141748  	0.0141647  	0          	0          	0          	0          	0          	0          	0          	0          	1.54563	-nan	-nan	4.80061e-05	0.000207629	0.999995   	0.950575   	0.264621   	0.263071   	0.0141748  	0.0141647  	1.54563	
2.6e-11    	3.2        	-6.38143e-05	0.000294952	0.999994   	0.947651   	0          	0          	0          	0          	0          	0          	0          	0          	0.281601   	0.265252   	0.0161868  	0.0161891  	0          	0          	0          	0          	0          	0          	0          	0          	1.57476	-nan	-nan	-6.38143e-05	0.000294952	0.999994   	0.947651   	0.281601   	0.265252   	0.0161868  	0.0161891  	1.57476	
2.7e-11    	3          	0.000265439	0.000315828	0.999994   	0.944455   	0          	0          	0          	0          	0          	0          	0          	0          	0.266463   	0.2752     	0.0204465  	0.0204627  	0          	0          	0          	0          	0          	0          	0          	0          	1.76074	-nan	-nan	0.000265439	0.000315828	0.999994   	0.944455   	0.266463   	0.2752     	0.0204465  	0.0204627  	1.76074	
2.8e-11    	2.8        	-0.000251511	0.000437237	0.999994   	0.940642   	0          	0          	0          	0          	0          	0          	0          	0          	0.280106   	0.308925   	0.0232361  	0.0232286  	0          	0          	0          	0          	0          	0          	0          	0          	1.75767	-nan	-nan	-0.000251511	0.000437237	0.999994   	0.940642   	0.280106   	0.308925   	0.0232361  	0.0232286  	1.75767	
2.9e-11    	2.6        	-0.000359177	3.57648e-05	0.999993   	0.936425   	0          	0          	0          	0          	0          	0          	0          	0          	0.38611    	0.298689   	0.0249349  	0.0249254  	0          	0          	0          	0          	0          	0          	0          	0          	1.64223	-nan	-nan	-0.000359177	3.57648e-05	0.999993   	0.936425   	0.38611    	0.298689   	0.0249349  	0.0249254  	1.64223	
3e-11      	2.4        	6.80655e-05	9.10007e-05	0.999993   	0.93153    	0          	0          	0          	0          	0          	0          	0          	0          	0.36675    	0.316164   	0.0310544  	0.0310499  	0          	0          	0          	0          	0          	0          	0          	0          	1.7598	-nan	-nan	6.80655e-05	9.10007e-05	0.999993   	0.93153    	0.36675    	0.316164   	0.0310544  	0.0310499  	1.7598	
3.1e-11    	2.2        	-0.00029144	0.00031961 	0.999992   	0.925804   	0          	0          	0          	0          	0          	0          	0          	0          	0.346402   	0.412879   	0.0366066  	0.0365855  	0          	0          	0          	0          	0          	0          	0          	0          	1.76559	-nan	-nan	-0.00029144	0.00031961 	0.999992   	0.925804   	0.346402   	0.412879   	0.0366066  	0.0365855  	1.76559	
3.2e-11    	2          	-5.12102e-06	-0.000386032	0.999991   	0.919034   	0          	0          	0          	0          	0          	0          	0          	0          	0.391169   	0.433657   	0.0471652  	0.0472096  	0          	0          	0          	0          	0          	0          	0          	0          	1.9049	-nan	-nan	-5.12102e-06	-0.000386032	0.999991   	0.919034   	0.391169   	0.433657   	0.0471652  	0.0472096  	1.9049	
3.3e-11    	1.8        	0.00014339 	-0.000167537	0.999991   	0.91068    	0          	0          	0          	0          	0          	0          	0          	0          	0.420727   	0.370746   	0.0505138  	0.0505637  	0          	0          	0          	0          	0          	0          	0          	0          	1.68053	-nan	-nan	0.00014339 	-0.000167537	0.999991   	0.91068    	0.420727   	0.370746   	0.0505138  	0.0505637  	1.68053	
3.4e-11    	1.6        	-0.000586036	-0.000240248	0.999989   	0.900501   	0          	0          	0          	0          	0          	0          	0          	0          	0.491923   	0.43823    	0.0703995  	0.0703444  	0          	0          	0          	0          	0          	0          	0          	0          	1.88348	-nan	-nan	-0.000586036	-0.000240248	0.999989   	0.900501   	0.491923   	0.43823    	0.0703995  	0.0703444  	1.88348	
3.5e-11    	1.4        	0.000738763	-0.000771289	0.999986   	0.887455   	0          	0          	0          	0          	0          	0          	0          	0          	0.593605   	0.514444   	0.0940943  	0.094108   	0          	0          	0          	0          	0          	0          	0          	0          	1.96604	-nan	-nan	0.000738763	-0.000771289	0.999986   	0.887455   	0.593605   	0.514444   	0.0940943  	0.094108   	1.96604	
3.6e-11    	1.2        	0.000209866	0.000276529	0.999984   	0.870455   	0          	0          	0          	0          	0          	0          	0          	0          	0.592795   	0.680761   	0.128783   	0.128868   	0          	0          	0          	0          	0          	0          	0          	0          	2.03623	-nan	-nan	0.000209866	0.000276529	0.999984   	0.870455   	0.592795   	0.680761   	0.128783   	0.128868   	2.03623	
3.7e-11    	1          	-0.000277121	0.000398903	0.999981   	0.84659    	0          	0          	0          	0          	0          	0          	0          	0          	0.766186   	0.653425   	0.194733   	0.194798   	0          	0          	0          	0          	0          	0          	0          	0          	2.19278	-nan	-nan	-0.000277121	0.000398903	0.999981   	0.84659    	0.766186   	0.653425   	0.194733   	0.194798   	2.19278	
3.8e-11    	0.8        	0.00019023 	4.07885e-05	0.999975   	0.81157    	0          	0          	0          	0          	0          	0          	0          	0          	0.891408   	0.864497   	0.346046   	0.345845   	0          	0          	0          	0          	0          	0          	0          	0          	2.56229	-nan	-nan	0.00019023 	4.07885e-05	0.999975   	0.81157    	0.891408   	0.864497   	0.346046   	0.345845   	2.56229	
3.9e-11    	0.6        	-0.000348941	-0.00019169	0.999965   	0.75249    	0          	0          	0          	0          	0          	0          	0          	0          	1.19152    	0.95806    	0.764612   	0.764698   	0          	0          	0          	0          	0          	0          	0          	0          	3.27906	-nan	-nan	-0.000348941	-0.00019169	0.999965   	0.75249    	1.19152    	0.95806    	0.764612   	0.764698   	3.27906	
4e-11      	0.4        	0.000887049	9.51773e-05	0.999944   	0.638096   	0          	0          	0          	0          	0          	0          	0          	0          	1.24662    	1.19286    	2.0396     	2.03898    	0          	0          	0          	0          	0          	0          	0          	0          	3.94717	-nan	-nan	0.000887049	9.51773e-05	0.999944   	0.638096   	1.24662    	1.19286    	2.0396     	2.03898    	3.94717	
4.1e-11    	0.2        	-0.00130347	-4.34687e-05	0.999809   	0.400852   	0          	0          	0          	0          	0          	0          	0          	0          	1.65176    	1.61526    	5.01167    	5.00765    	0          	0          	0          	0          	0          	0          	0          	0          	2.61228	-nan	-nan	-0.00130347	-4.34687e-05	0.999809   	0.400852   	1.65176    	1.61526    	5.01167    	5.00765    	2.61228	
4.2e-11    	-0         	-0.0779718 	0.00914612 	0.00575903 	0.00959441 	0          	0          	0          	0          	0          	0          	0          	0          	1.66864    	1.58631    	4.65143    	3.00358    	0          	0          	0          	0          	0          	0          	0          	0          	0.0727194	-nan	-nan	-0.0779718 	0.00914612 	0.00575903 	0.00959441 	1.66864    	1.58631    	4.65143    	3.00358    	0.0727194	
