#----------------------------------------------------------------------------------------------------------------------------------------------------------
# Output file for vampire simulation
#   time       : 2025-10-19 20:25:23     process id : 91650
#   hostname   : 53a6091906e1
#   path       : /content/drive/MyDrive/Colab Notebooks/vampire phase diagram
#   version    : 7.0.0
#   githash    : 525bc27ee44c525aee229570f30f3d4c61d54f66
#----------------------------------------------------------------------------------------------------------------------------------------------------------
2e-12      	8          	-0.000119215	-0.000105271	0.999994   	0.943874   	0          	0          	0          	0          	0          	0          	0          	0          	0.11238    	0.110536   	27.8055    	27.8006    	0          	0          	0          	0          	0          	0          	0          	0          	6325.42	-nan	-nan	-0.000119215	-0.000105271	0.999994   	0.943874   	0.11238    	0.110536   	27.8055    	27.8006    	6325.42	
3e-12      	7.8        	0.00030978 	-6.59177e-05	0.999994   	0.946104   	0          	0          	0          	0          	0          	0          	0          	0          	0.138892   	0.115048   	0.00569408 	0.00569857 	0          	0          	0          	0          	0          	0          	0          	0          	1.26149	-nan	-nan	0.00030978 	-6.59177e-05	0.999994   	0.946104   	0.138892   	0.115048   	0.00569408 	0.00569857 	1.26149	
4e-12      	7.6        	-0.000175992	-0.000168179	0.999994   	0.944795   	0          	0          	0          	0          	0          	0          	0          	0          	0.124633   	0.114217   	0.00729839 	0.00728767 	0          	0          	0          	0          	0          	0          	0          	0          	1.53753	-nan	-nan	-0.000175992	-0.000168179	0.999994   	0.944795   	0.124633   	0.114217   	0.00729839 	0.00728767 	1.53753	
5e-12      	7.4        	0.000127694	0.000293942	0.999994   	0.943238   	0          	0          	0          	0          	0          	0          	0          	0          	0.126326   	0.108501   	0.00728843 	0.00729172 	0          	0          	0          	0          	0          	0          	0          	0          	1.4572	-nan	-nan	0.000127694	0.000293942	0.999994   	0.943238   	0.126326   	0.108501   	0.00728843 	0.00729172 	1.4572	
6e-12      	7.2        	0.000465273	-0.000477423	0.999994   	0.941823   	0          	0          	0          	0          	0          	0          	0          	0          	0.102984   	0.137003   	0.00996747 	0.00997164 	0          	0          	0          	0          	0          	0          	0          	0          	1.88937	-nan	-nan	0.000465273	-0.000477423	0.999994   	0.941823   	0.102984   	0.137003   	0.00996747 	0.00997164 	1.88937	
7e-12      	7          	0.000577784	7.66099e-05	0.999994   	0.94015    	0          	0          	0          	0          	0          	0          	0          	0          	0.128867   	0.117304   	0.00942922 	0.00942108 	0          	0          	0          	0          	0          	0          	0          	0          	1.69169	-nan	-nan	0.000577784	7.66099e-05	0.999994   	0.94015    	0.128867   	0.117304   	0.00942922 	0.00942108 	1.69169	
8e-12      	6.8        	-0.000336738	0.000103652	0.999993   	0.938345   	0          	0          	0          	0          	0          	0          	0          	0          	0.118776   	0.138355   	0.00962588 	0.00960358 	0          	0          	0          	0          	0          	0          	0          	0          	1.63191	-nan	-nan	-0.000336738	0.000103652	0.999993   	0.938345   	0.118776   	0.138355   	0.00962588 	0.00960358 	1.63191	
9e-12      	6.6        	7.12935e-05	-6.41892e-06	0.999993   	0.936529   	0          	0          	0          	0          	0          	0          	0          	0          	0.149731   	0.124207   	0.00815962 	0.00815264 	0          	0          	0          	0          	0          	0          	0          	0          	1.30499	-nan	-nan	7.12935e-05	-6.41892e-06	0.999993   	0.936529   	0.149731   	0.124207   	0.00815962 	0.00815264 	1.30499	
1e-11      	6.4        	0.000271892	5.16803e-05	0.999994   	0.934775   	0          	0          	0          	0          	0          	0          	0          	0          	0.13165    	0.114294   	0.00927373 	0.00928192 	0          	0          	0          	0          	0          	0          	0          	0          	1.39714	-nan	-nan	0.000271892	5.16803e-05	0.999994   	0.934775   	0.13165    	0.114294   	0.00927373 	0.00928192 	1.39714	
1.1e-11    	6.2        	-0.000113378	1.81937e-05	0.999992   	0.932648   	0          	0          	0          	0          	0          	0          	0          	0          	0.16779    	0.146742   	0.0110719  	0.0110726  	0          	0          	0          	0          	0          	0          	0          	0          	1.56927	-nan	-nan	-0.000113378	1.81937e-05	0.999992   	0.932648   	0.16779    	0.146742   	0.0110719  	0.0110726  	1.56927	
1.2e-11    	6          	-0.000641957	0.000618524	0.999993   	0.93044    	0          	0          	0          	0          	0          	0          	0          	0          	0.152158   	0.119352   	0.0125906  	0.0125843  	0          	0          	0          	0          	0          	0          	0          	0          	1.67382	-nan	-nan	-0.000641957	0.000618524	0.999993   	0.93044    	0.152158   	0.119352   	0.0125906  	0.0125843  	1.67382	
1.3e-11    	5.8        	-3.87097e-05	0.000522875	0.999992   	0.928193   	0          	0          	0          	0          	0          	0          	0          	0          	0.1487     	0.137806   	0.0127322  	0.0127386  	0          	0          	0          	0          	0          	0          	0          	0          	1.5838	-nan	-nan	-3.87097e-05	0.000522875	0.999992   	0.928193   	0.1487     	0.137806   	0.0127322  	0.0127386  	1.5838	
1.4e-11    	5.6        	1.66826e-05	-3.65851e-06	0.999991   	0.925672   	0          	0          	0          	0          	0          	0          	0          	0          	0.163474   	0.173414   	0.0134407  	0.0134331  	0          	0          	0          	0          	0          	0          	0          	0          	1.56264	-nan	-nan	1.66826e-05	-3.65851e-06	0.999991   	0.925672   	0.163474   	0.173414   	0.0134407  	0.0134331  	1.56264	
1.5e-11    	5.4        	-0.00032123	0.000200829	0.999991   	0.923067   	0          	0          	0          	0          	0          	0          	0          	0          	0.165242   	0.174968   	0.014701   	0.0147095  	0          	0          	0          	0          	0          	0          	0          	0          	1.59146	-nan	-nan	-0.00032123	0.000200829	0.999991   	0.923067   	0.165242   	0.174968   	0.014701   	0.0147095  	1.59146	
1.6e-11    	5.2        	0.000204449	0.000733356	0.999991   	0.920107   	0          	0          	0          	0          	0          	0          	0          	0          	0.182      	0.142708   	0.0132489  	0.0132441  	0          	0          	0          	0          	0          	0          	0          	0          	1.33416	-nan	-nan	0.000204449	0.000733356	0.999991   	0.920107   	0.182      	0.142708   	0.0132489  	0.0132441  	1.33416	
1.7e-11    	5          	0.000128748	-0.00025101	0.99999    	0.917175   	0          	0          	0          	0          	0          	0          	0          	0          	0.196857   	0.193011   	0.0160022  	0.0160041  	0          	0          	0          	0          	0          	0          	0          	0          	1.49302	-nan	-nan	0.000128748	-0.00025101	0.99999    	0.917175   	0.196857   	0.193011   	0.0160022  	0.0160041  	1.49302	
1.8e-11    	4.8        	-0.000142708	-0.000170999	0.999991   	0.913638   	0          	0          	0          	0          	0          	0          	0          	0          	0.170975   	0.164759   	0.0164295  	0.0164205  	0          	0          	0          	0          	0          	0          	0          	0          	1.41689	-nan	-nan	-0.000142708	-0.000170999	0.999991   	0.913638   	0.170975   	0.164759   	0.0164295  	0.0164205  	1.41689	
1.9e-11    	4.6        	-0.000477587	-3.58934e-06	0.999989   	0.910218   	0          	0          	0          	0          	0          	0          	0          	0          	0.199791   	0.185574   	0.0199592  	0.0199581  	0          	0          	0          	0          	0          	0          	0          	0          	1.58382	-nan	-nan	-0.000477587	-3.58934e-06	0.999989   	0.910218   	0.199791   	0.185574   	0.0199592  	0.0199581  	1.58382	
2e-11      	4.4        	0.00022153 	-2.38842e-05	0.999989   	0.906055   	0          	0          	0          	0          	0          	0          	0          	0          	0.196874   	0.198668   	0.0242663  	0.0242366  	0          	0          	0          	0          	0          	0          	0          	0          	1.76669	-nan	-nan	0.00022153 	-2.38842e-05	0.999989   	0.906055   	0.196874   	0.198668   	0.0242663  	0.0242366  	1.76669	
2.1e-11    	4.2        	0.00080023 	-0.000292913	0.999989   	0.901835   	0          	0          	0          	0          	0          	0          	0          	0          	0.197851   	0.189335   	0.0252813  	0.0253251  	0          	0          	0          	0          	0          	0          	0          	0          	1.68361	-nan	-nan	0.00080023 	-0.000292913	0.999989   	0.901835   	0.197851   	0.189335   	0.0252813  	0.0253251  	1.68361	
2.2e-11    	4          	-0.000496163	8.50051e-05	0.999987   	0.897061   	0          	0          	0          	0          	0          	0          	0          	0          	0.227513   	0.231044   	0.0263396  	0.0263454  	0          	0          	0          	0          	0          	0          	0          	0          	1.5946	-nan	-nan	-0.000496163	8.50051e-05	0.999987   	0.897061   	0.227513   	0.231044   	0.0263396  	0.0263454  	1.5946	
2.3e-11    	3.8        	0.000260184	4.52659e-06	0.999988   	0.891821   	0          	0          	0          	0          	0          	0          	0          	0          	0.224303   	0.209932   	0.0249647  	0.0249889  	0          	0          	0          	0          	0          	0          	0          	0          	1.37015	-nan	-nan	0.000260184	4.52659e-06	0.999988   	0.891821   	0.224303   	0.209932   	0.0249647  	0.0249889  	1.37015	
2.4e-11    	3.6        	-0.000431766	-8.53566e-06	0.999986   	0.885954   	0          	0          	0          	0          	0          	0          	0          	0          	0.238403   	0.249526   	0.028379   	0.0284089  	0          	0          	0          	0          	0          	0          	0          	0          	1.40315	-nan	-nan	-0.000431766	-8.53566e-06	0.999986   	0.885954   	0.238403   	0.249526   	0.028379   	0.0284089  	1.40315	
2.5e-11    	3.4        	0.000115819	0.000500936	0.999985   	0.879797   	0          	0          	0          	0          	0          	0          	0          	0          	0.280868   	0.246485   	0.0301987  	0.0301801  	0          	0          	0          	0          	0          	0          	0          	0          	1.33558	-nan	-nan	0.000115819	0.000500936	0.999985   	0.879797   	0.280868   	0.246485   	0.0301987  	0.0301801  	1.33558	
2.6e-11    	3.2        	-0.000278509	-0.000102604	0.999985   	0.872314   	0          	0          	0          	0          	0          	0          	0          	0          	0.277105   	0.223768   	0.0425943  	0.0426042  	0          	0          	0          	0          	0          	0          	0          	0          	1.67977	-nan	-nan	-0.000278509	-0.000102604	0.999985   	0.872314   	0.277105   	0.223768   	0.0425943  	0.0426042  	1.67977	
2.7e-11    	3          	-2.64037e-05	-0.000119096	0.999985   	0.863968   	0          	0          	0          	0          	0          	0          	0          	0          	0.247805   	0.264955   	0.0431701  	0.0432378  	0          	0          	0          	0          	0          	0          	0          	0          	1.50294	-nan	-nan	-2.64037e-05	-0.000119096	0.999985   	0.863968   	0.247805   	0.264955   	0.0431701  	0.0432378  	1.50294	
2.8e-11    	2.8        	0.000530071	0.000104988	0.999983   	0.854575   	0          	0          	0          	0          	0          	0          	0          	0          	0.265536   	0.288541   	0.0527664  	0.0528298  	0          	0          	0          	0          	0          	0          	0          	0          	1.60789	-nan	-nan	0.000530071	0.000104988	0.999983   	0.854575   	0.265536   	0.288541   	0.0527664  	0.0528298  	1.60789	
2.9e-11    	2.6        	0.000249016	-0.000329676	0.999981   	0.843981   	0          	0          	0          	0          	0          	0          	0          	0          	0.313583   	0.292827   	0.0576731  	0.0576484  	0          	0          	0          	0          	0          	0          	0          	0          	1.51936	-nan	-nan	0.000249016	-0.000329676	0.999981   	0.843981   	0.313583   	0.292827   	0.0576731  	0.0576484  	1.51936	
3e-11      	2.4        	0.000709353	0.000408966	0.999978   	0.831349   	0          	0          	0          	0          	0          	0          	0          	0          	0.321522   	0.350103   	0.0782905  	0.0782797  	0          	0          	0          	0          	0          	0          	0          	0          	1.75818	-nan	-nan	0.000709353	0.000408966	0.999978   	0.831349   	0.321522   	0.350103   	0.0782905  	0.0782797  	1.75818	
3.1e-11    	2.2        	-0.00015727	-0.000134327	0.999977   	0.816484   	0          	0          	0          	0          	0          	0          	0          	0          	0.324668   	0.366049   	0.0834093  	0.0833385  	0          	0          	0          	0          	0          	0          	0          	0          	1.59252	-nan	-nan	-0.00015727	-0.000134327	0.999977   	0.816484   	0.324668   	0.366049   	0.0834093  	0.0833385  	1.59252	
3.2e-11    	2          	8.78508e-05	0.000461592	0.999973   	0.798646   	0          	0          	0          	0          	0          	0          	0          	0          	0.370583   	0.384196   	0.0960522  	0.0962326  	0          	0          	0          	0          	0          	0          	0          	0          	1.52189	-nan	-nan	8.78508e-05	0.000461592	0.999973   	0.798646   	0.370583   	0.384196   	0.0960522  	0.0962326  	1.52189	
3.3e-11    	1.8        	0.000609321	0.000136938	0.999972   	0.777208   	0          	0          	0          	0          	0          	0          	0          	0          	0.389707   	0.360836   	0.137266   	0.137418   	0          	0          	0          	0          	0          	0          	0          	0          	1.77126	-nan	-nan	0.000609321	0.000136938	0.999972   	0.777208   	0.389707   	0.360836   	0.137266   	0.137418   	1.77126	
3.4e-11    	1.6        	0.00062588 	-0.000510519	0.999964   	0.75028    	0          	0          	0          	0          	0          	0          	0          	0          	0.420864   	0.463182   	0.184955   	0.184806   	0          	0          	0          	0          	0          	0          	0          	0          	1.88829	-nan	-nan	0.00062588 	-0.000510519	0.999964   	0.75028    	0.420864   	0.463182   	0.184955   	0.184806   	1.88829	
3.5e-11    	1.4        	-0.00117214	-0.0010724 	0.99996    	0.715799   	0          	0          	0          	0          	0          	0          	0          	0          	0.432171   	0.458745   	0.228237   	0.228162   	0          	0          	0          	0          	0          	0          	0          	0          	1.78345	-nan	-nan	-0.00117214	-0.0010724 	0.99996    	0.715799   	0.432171   	0.458745   	0.228237   	0.228162   	1.78345	
3.6e-11    	1.2        	0.00015181 	-0.000274893	0.999954   	0.671681   	0          	0          	0          	0          	0          	0          	0          	0          	0.475062   	0.447429   	0.326971   	0.326809   	0          	0          	0          	0          	0          	0          	0          	0          	1.87951	-nan	-nan	0.00015181 	-0.000274893	0.999954   	0.671681   	0.475062   	0.447429   	0.326971   	0.326809   	1.87951	
3.7e-11    	1          	-0.000452833	-0.00109818	0.999938   	0.61379    	0          	0          	0          	0          	0          	0          	0          	0          	0.483257   	0.547669   	0.379792   	0.379491   	0          	0          	0          	0          	0          	0          	0          	0          	1.51999	-nan	-nan	-0.000452833	-0.00109818	0.999938   	0.61379    	0.483257   	0.547669   	0.379792   	0.379491   	1.51999	
3.8e-11    	0.8        	0.000848439	0.000409754	0.999908   	0.53775    	0          	0          	0          	0          	0          	0          	0          	0          	0.604505   	0.577502   	0.566272   	0.565778   	0          	0          	0          	0          	0          	0          	0          	0          	1.46805	-nan	-nan	0.000848439	0.000409754	0.999908   	0.53775    	0.604505   	0.577502   	0.566272   	0.565778   	1.46805	
3.9e-11    	0.6        	-0.000393355	-0.000901101	0.999852   	0.437964   	0          	0          	0          	0          	0          	0          	0          	0          	0.608015   	0.65109    	0.738981   	0.739345   	0          	0          	0          	0          	0          	0          	0          	0          	1.08035	-nan	-nan	-0.000393355	-0.000901101	0.999852   	0.437964   	0.608015   	0.65109    	0.738981   	0.739345   	1.08035	
4e-11      	0.4        	0.000851563	0.000227055	0.99968    	0.31257    	0          	0          	0          	0          	0          	0          	0          	0          	0.702186   	0.689709   	0.813162   	0.81466    	0          	0          	0          	0          	0          	0          	0          	0          	0.541999	-nan	-nan	0.000851563	0.000227055	0.99968    	0.31257    	0.702186   	0.689709   	0.813162   	0.81466    	0.541999	
4.1e-11    	0.2        	-0.000900989	-0.000351595	0.9987     	0.164206   	0          	0          	0          	0          	0          	0          	0          	0          	0.787257   	0.757116   	0.922388   	0.916905   	0          	0          	0          	0          	0          	0          	0          	0          	0.161376	-nan	-nan	-0.000900989	-0.000351595	0.9987     	0.164206   	0.787257   	0.757116   	0.922388   	0.916905   	0.161376	
4.2e-11    	-0         	-0.0201231 	-0.0180672 	0.0141338  	0.00952769 	0          	0          	0          	0          	0          	0          	0          	0          	0.750824   	0.739258   	0.999978   	0.474003   	0          	0          	0          	0          	0          	0          	0          	0          	0.0114187	-nan	-nan	-0.0201231 	-0.0180672 	0.0141338  	0.00952769 	0.750824   	0.739258   	0.999978   	0.474003   	0.0114187	
