#----------------------------------------------------------------------------------------------------------------------------------------------------------
# Output file for vampire simulation
#   time       : 2025-10-19 19:51:26     process id : 83358
#   hostname   : 53a6091906e1
#   path       : /content/drive/MyDrive/Colab Notebooks/vampire phase diagram
#   version    : 7.0.0
#   githash    : 525bc27ee44c525aee229570f30f3d4c61d54f66
#----------------------------------------------------------------------------------------------------------------------------------------------------------
2e-12      	8          	-9.6561e-05	-0.000419143	0.999998   	0.977921   	0          	0          	0          	0          	0          	0          	0          	0          	0.144247   	0.112474   	89.0722    	89.0668    	0          	0          	0          	0          	0          	0          	0          	0          	58859	-nan	-nan	-9.6561e-05	-0.000419143	0.999998   	0.977921   	0.144247   	0.112474   	89.0722    	89.0668    	58859	
3e-12      	7.8        	0.000114667	-9.48858e-07	0.999998   	0.981447   	0          	0          	0          	0          	0          	0          	0          	0          	0.111337   	0.132593   	0.00246306 	0.00246354 	0          	0          	0          	0          	0          	0          	0          	0          	1.58941	-nan	-nan	0.000114667	-9.48858e-07	0.999998   	0.981447   	0.111337   	0.132593   	0.00246306 	0.00246354 	1.58941	
4e-12      	7.6        	-0.000158691	0.000257345	0.999998   	0.981001   	0          	0          	0          	0          	0          	0          	0          	0          	0.14266    	0.118617   	0.00283617 	0.00283981 	0          	0          	0          	0          	0          	0          	0          	0          	1.74007	-nan	-nan	-0.000158691	0.000257345	0.999998   	0.981001   	0.14266    	0.118617   	0.00283617 	0.00283981 	1.74007	
5e-12      	7.4        	0.000207233	4.02259e-06	0.999998   	0.980505   	0          	0          	0          	0          	0          	0          	0          	0          	0.129356   	0.104899   	0.00223367 	0.00222986 	0          	0          	0          	0          	0          	0          	0          	0          	1.30128	-nan	-nan	0.000207233	4.02259e-06	0.999998   	0.980505   	0.129356   	0.104899   	0.00223367 	0.00222986 	1.30128	
6e-12      	7.2        	-0.000122907	2.08818e-05	0.999998   	0.979983   	0          	0          	0          	0          	0          	0          	0          	0          	0.122259   	0.119116   	0.00248715 	0.0024851  	0          	0          	0          	0          	0          	0          	0          	0          	1.374	-nan	-nan	-0.000122907	2.08818e-05	0.999998   	0.979983   	0.122259   	0.119116   	0.00248715 	0.0024851  	1.374	
7e-12      	7          	5.66758e-05	0.000139549	0.999998   	0.979424   	0          	0          	0          	0          	0          	0          	0          	0          	0.131936   	0.133829   	0.00290046 	0.00290569 	0          	0          	0          	0          	0          	0          	0          	0          	1.51684	-nan	-nan	5.66758e-05	0.000139549	0.999998   	0.979424   	0.131936   	0.133829   	0.00290046 	0.00290569 	1.51684	
8e-12      	6.8        	0.000373745	9.73705e-05	0.999998   	0.97884    	0          	0          	0          	0          	0          	0          	0          	0          	0.142388   	0.117645   	0.00328622 	0.00328584 	0          	0          	0          	0          	0          	0          	0          	0          	1.62463	-nan	-nan	0.000373745	9.73705e-05	0.999998   	0.97884    	0.142388   	0.117645   	0.00328622 	0.00328584 	1.62463	
9e-12      	6.6        	0.000398266	0.000282306	0.999998   	0.978205   	0          	0          	0          	0          	0          	0          	0          	0          	0.134634   	0.132126   	0.0032     	0.00319275 	0          	0          	0          	0          	0          	0          	0          	0          	1.49333	-nan	-nan	0.000398266	0.000282306	0.999998   	0.978205   	0.134634   	0.132126   	0.0032     	0.00319275 	1.49333	
1e-11      	6.4        	0.000139652	0.000129931	0.999997   	0.977563   	0          	0          	0          	0          	0          	0          	0          	0          	0.149664   	0.165745   	0.00340888 	0.00340907 	0          	0          	0          	0          	0          	0          	0          	0          	1.49891	-nan	-nan	0.000139652	0.000129931	0.999997   	0.977563   	0.149664   	0.165745   	0.00340888 	0.00340907 	1.49891	
1.1e-11    	6.2        	-3.33607e-05	-0.000163718	0.999997   	0.976851   	0          	0          	0          	0          	0          	0          	0          	0          	0.141761   	0.164399   	0.00390782 	0.00390647 	0          	0          	0          	0          	0          	0          	0          	0          	1.61627	-nan	-nan	-3.33607e-05	-0.000163718	0.999997   	0.976851   	0.141761   	0.164399   	0.00390782 	0.00390647 	1.61627	
1.2e-11    	6          	-9.13321e-06	0.000147737	0.999997   	0.976067   	0          	0          	0          	0          	0          	0          	0          	0          	0.170258   	0.154829   	0.00370064 	0.00370305 	0          	0          	0          	0          	0          	0          	0          	0          	1.4365	-nan	-nan	-9.13321e-06	0.000147737	0.999997   	0.976067   	0.170258   	0.154829   	0.00370064 	0.00370305 	1.4365	
1.3e-11    	5.8        	0.000232178	-9.74172e-05	0.999997   	0.975347   	0          	0          	0          	0          	0          	0          	0          	0          	0.175794   	0.166337   	0.00355377 	0.00354474 	0          	0          	0          	0          	0          	0          	0          	0          	1.29224	-nan	-nan	0.000232178	-9.74172e-05	0.999997   	0.975347   	0.175794   	0.166337   	0.00355377 	0.00354474 	1.29224	
1.4e-11    	5.6        	-9.91522e-05	6.24346e-05	0.999997   	0.974447   	0          	0          	0          	0          	0          	0          	0          	0          	0.155553   	0.163166   	0.00465516 	0.00465024 	0          	0          	0          	0          	0          	0          	0          	0          	1.58218	-nan	-nan	-9.91522e-05	6.24346e-05	0.999997   	0.974447   	0.155553   	0.163166   	0.00465516 	0.00465024 	1.58218	
1.5e-11    	5.4        	-0.000145292	0.000231939	0.999997   	0.973588   	0          	0          	0          	0          	0          	0          	0          	0          	0.192968   	0.146398   	0.00452526 	0.00452657 	0          	0          	0          	0          	0          	0          	0          	0          	1.43399	-nan	-nan	-0.000145292	0.000231939	0.999997   	0.973588   	0.192968   	0.146398   	0.00452526 	0.00452657 	1.43399	
1.6e-11    	5.2        	0.000328704	0.000407812	0.999997   	0.972579   	0          	0          	0          	0          	0          	0          	0          	0          	0.180255   	0.139619   	0.00646352 	0.0064662  	0          	0          	0          	0          	0          	0          	0          	0          	1.90497	-nan	-nan	0.000328704	0.000407812	0.999997   	0.972579   	0.180255   	0.139619   	0.00646352 	0.0064662  	1.90497	
1.7e-11    	5          	4.32012e-05	2.41983e-05	0.999997   	0.971557   	0          	0          	0          	0          	0          	0          	0          	0          	0.161081   	0.185627   	0.00568207 	0.00568405 	0          	0          	0          	0          	0          	0          	0          	0          	1.55281	-nan	-nan	4.32012e-05	2.41983e-05	0.999997   	0.971557   	0.161081   	0.185627   	0.00568207 	0.00568405 	1.55281	
1.8e-11    	4.8        	-3.51091e-05	-0.000169068	0.999997   	0.970422   	0          	0          	0          	0          	0          	0          	0          	0          	0.187917   	0.193369   	0.00560521 	0.00560139 	0          	0          	0          	0          	0          	0          	0          	0          	1.41668	-nan	-nan	-3.51091e-05	-0.000169068	0.999997   	0.970422   	0.187917   	0.193369   	0.00560521 	0.00560139 	1.41668	
1.9e-11    	4.6        	0.000185386	4.26258e-05	0.999997   	0.969153   	0          	0          	0          	0          	0          	0          	0          	0          	0.202636   	0.195665   	0.00670724 	0.00671944 	0          	0          	0          	0          	0          	0          	0          	0          	1.56249	-nan	-nan	0.000185386	4.26258e-05	0.999997   	0.969153   	0.202636   	0.195665   	0.00670724 	0.00671944 	1.56249	
2e-11      	4.4        	0.000103416	-8.14791e-05	0.999996   	0.967841   	0          	0          	0          	0          	0          	0          	0          	0          	0.236705   	0.186708   	0.00687942 	0.00688552 	0          	0          	0          	0          	0          	0          	0          	0          	1.47211	-nan	-nan	0.000103416	-8.14791e-05	0.999996   	0.967841   	0.236705   	0.186708   	0.00687942 	0.00688552 	1.47211	
2.1e-11    	4.2        	0.000429123	9.77808e-05	0.999996   	0.966349   	0          	0          	0          	0          	0          	0          	0          	0          	0.197228   	0.23662    	0.00822391 	0.00823233 	0          	0          	0          	0          	0          	0          	0          	0          	1.61045	-nan	-nan	0.000429123	9.77808e-05	0.999996   	0.966349   	0.197228   	0.23662    	0.00822391 	0.00823233 	1.61045	
2.2e-11    	4          	-0.000120142	-9.16697e-05	0.999996   	0.964813   	0          	0          	0          	0          	0          	0          	0          	0          	0.25639    	0.208426   	0.00938113 	0.00937586 	0          	0          	0          	0          	0          	0          	0          	0          	1.67494	-nan	-nan	-0.000120142	-9.16697e-05	0.999996   	0.964813   	0.25639    	0.208426   	0.00938113 	0.00937586 	1.67494	
2.3e-11    	3.8        	-0.000157522	0.000113816	0.999996   	0.96302    	0          	0          	0          	0          	0          	0          	0          	0          	0.235237   	0.265714   	0.00952479 	0.00952127 	0          	0          	0          	0          	0          	0          	0          	0          	1.5418	-nan	-nan	-0.000157522	0.000113816	0.999996   	0.96302    	0.235237   	0.265714   	0.00952479 	0.00952127 	1.5418	
2.4e-11    	3.6        	-0.000107582	0.000200727	0.999996   	0.961002   	0          	0          	0          	0          	0          	0          	0          	0          	0.270444   	0.238065   	0.00868835 	0.00868183 	0          	0          	0          	0          	0          	0          	0          	0          	1.26998	-nan	-nan	-0.000107582	0.000200727	0.999996   	0.961002   	0.270444   	0.238065   	0.00868835 	0.00868183 	1.26998	
2.5e-11    	3.4        	-0.000362146	-0.000230702	0.999995   	0.958912   	0          	0          	0          	0          	0          	0          	0          	0          	0.298265   	0.244473   	0.0120267  	0.0120213  	0          	0          	0          	0          	0          	0          	0          	0          	1.57843	-nan	-nan	-0.000362146	-0.000230702	0.999995   	0.958912   	0.298265   	0.244473   	0.0120267  	0.0120213  	1.57843	
2.6e-11    	3.2        	-0.000327211	-0.00018972	0.999996   	0.956528   	0          	0          	0          	0          	0          	0          	0          	0          	0.243066   	0.268909   	0.0141785  	0.0141796  	0          	0          	0          	0          	0          	0          	0          	0          	1.6593	-nan	-nan	-0.000327211	-0.00018972	0.999996   	0.956528   	0.243066   	0.268909   	0.0141785  	0.0141796  	1.6593	
2.7e-11    	3          	-9.61802e-05	-7.34311e-05	0.999995   	0.953775   	0          	0          	0          	0          	0          	0          	0          	0          	0.328286   	0.289006   	0.0174618  	0.0174284  	0          	0          	0          	0          	0          	0          	0          	0          	1.80968	-nan	-nan	-9.61802e-05	-7.34311e-05	0.999995   	0.953775   	0.328286   	0.289006   	0.0174618  	0.0174284  	1.80968	
2.8e-11    	2.8        	-7.45692e-05	5.20261e-05	0.999994   	0.950652   	0          	0          	0          	0          	0          	0          	0          	0          	0.325393   	0.320531   	0.0174173  	0.0174239  	0          	0          	0          	0          	0          	0          	0          	0          	1.58695	-nan	-nan	-7.45692e-05	5.20261e-05	0.999994   	0.950652   	0.325393   	0.320531   	0.0174173  	0.0174239  	1.58695	
2.9e-11    	2.6        	-0.000222494	-0.000202177	0.999994   	0.947082   	0          	0          	0          	0          	0          	0          	0          	0          	0.321283   	0.323436   	0.0189669  	0.01897    	0          	0          	0          	0          	0          	0          	0          	0          	1.50383	-nan	-nan	-0.000222494	-0.000202177	0.999994   	0.947082   	0.321283   	0.323436   	0.0189669  	0.01897    	1.50383	
3e-11      	2.4        	0.000104678	0.00021814 	0.999994   	0.943106   	0          	0          	0          	0          	0          	0          	0          	0          	0.382161   	0.353431   	0.0235084  	0.0234964  	0          	0          	0          	0          	0          	0          	0          	0          	1.60455	-nan	-nan	0.000104678	0.00021814 	0.999994   	0.943106   	0.382161   	0.353431   	0.0235084  	0.0234964  	1.60455	
3.1e-11    	2.2        	-0.000134766	1.02476e-05	0.999993   	0.9384     	0          	0          	0          	0          	0          	0          	0          	0          	0.408185   	0.360712   	0.0297364  	0.0297461  	0          	0          	0          	0          	0          	0          	0          	0          	1.72691	-nan	-nan	-0.000134766	1.02476e-05	0.999993   	0.9384     	0.408185   	0.360712   	0.0297364  	0.0297461  	1.72691	
3.2e-11    	2          	0.000356755	-0.000390145	0.999992   	0.932572   	0          	0          	0          	0          	0          	0          	0          	0          	0.461015   	0.411428   	0.0361502  	0.036126   	0          	0          	0          	0          	0          	0          	0          	0          	1.76248	-nan	-nan	0.000356755	-0.000390145	0.999992   	0.932572   	0.461015   	0.411428   	0.0361502  	0.036126   	1.76248	
3.3e-11    	1.8        	0.000358303	-0.000391738	0.999992   	0.925903   	0          	0          	0          	0          	0          	0          	0          	0          	0.518039   	0.39969    	0.0480603  	0.0480916  	0          	0          	0          	0          	0          	0          	0          	0          	1.9324	-nan	-nan	0.000358303	-0.000391738	0.999992   	0.925903   	0.518039   	0.39969    	0.0480603  	0.0480916  	1.9324	
3.4e-11    	1.6        	-0.000182522	0.000366501	0.99999    	0.917618   	0          	0          	0          	0          	0          	0          	0          	0          	0.479599   	0.549395   	0.0572211  	0.0572324  	0          	0          	0          	0          	0          	0          	0          	0          	1.85549	-nan	-nan	-0.000182522	0.000366501	0.99999    	0.917618   	0.479599   	0.549395   	0.0572211  	0.0572324  	1.85549	
3.5e-11    	1.4        	0.000120875	-0.00039465	0.999989   	0.906947   	0          	0          	0          	0          	0          	0          	0          	0          	0.606241   	0.603567   	0.0712693  	0.0711881  	0          	0          	0          	0          	0          	0          	0          	0          	1.81282	-nan	-nan	0.000120875	-0.00039465	0.999989   	0.906947   	0.606241   	0.603567   	0.0712693  	0.0711881  	1.81282	
3.6e-11    	1.2        	-0.00030014	0.000320268	0.999987   	0.892757   	0          	0          	0          	0          	0          	0          	0          	0          	0.663443   	0.684945   	0.106936   	0.106897   	0          	0          	0          	0          	0          	0          	0          	0          	2.05483	-nan	-nan	-0.00030014	0.000320268	0.999987   	0.892757   	0.663443   	0.684945   	0.106936   	0.106897   	2.05483	
3.7e-11    	1          	-0.000429605	-0.000233834	0.999984   	0.873831   	0          	0          	0          	0          	0          	0          	0          	0          	0.693039   	0.838744   	0.132033   	0.132081   	0          	0          	0          	0          	0          	0          	0          	0          	1.83228	-nan	-nan	-0.000429605	-0.000233834	0.999984   	0.873831   	0.693039   	0.838744   	0.132033   	0.132081   	1.83228	
3.8e-11    	0.8        	0.000432455	-0.000195211	0.999982   	0.845781   	0          	0          	0          	0          	0          	0          	0          	0          	0.667027   	0.95082    	0.281283   	0.281186   	0          	0          	0          	0          	0          	0          	0          	0          	2.60565	-nan	-nan	0.000432455	-0.000195211	0.999982   	0.845781   	0.667027   	0.95082    	0.281283   	0.281186   	2.60565	
3.9e-11    	0.6        	-0.000105629	-0.000525115	0.999975   	0.798917   	0          	0          	0          	0          	0          	0          	0          	0          	0.99234    	1.03978    	0.513781   	0.513944   	0          	0          	0          	0          	0          	0          	0          	0          	2.77375	-nan	-nan	-0.000105629	-0.000525115	0.999975   	0.798917   	0.99234    	1.03978    	0.513781   	0.513944   	2.77375	
4e-11      	0.4        	8.82439e-05	4.20118e-06	0.999964   	0.704908   	0          	0          	0          	0          	0          	0          	0          	0          	1.17092    	1.16599    	1.72376    	1.72336    	0          	0          	0          	0          	0          	0          	0          	0          	4.29876	-nan	-nan	8.82439e-05	4.20118e-06	0.999964   	0.704908   	1.17092    	1.16599    	1.72376    	1.72336    	4.29876	
4.1e-11    	0.2        	-0.000456964	6.56511e-05	0.999867   	0.474509   	0          	0          	0          	0          	0          	0          	0          	0          	1.92695    	1.93064    	6.93693    	6.93433    	0          	0          	0          	0          	0          	0          	0          	0          	4.48921	-nan	-nan	-0.000456964	6.56511e-05	0.999867   	0.474509   	1.92695    	1.93064    	6.93693    	6.93433    	4.48921	
4.2e-11    	-0         	-0.00470153	0.00254318 	0.0134094  	0.00956571 	0          	0          	0          	0          	0          	0          	0          	0          	2.02511    	1.88956    	6.39252    	4.42205    	0          	0          	0          	0          	0          	0          	0          	0          	0.109287	-nan	-nan	-0.00470153	0.00254318 	0.0134094  	0.00956571 	2.02511    	1.88956    	6.39252    	4.42205    	0.109287	
