#----------------------------------------------------------------------------------------------------------------------------------------------------------
# Output file for vampire simulation
#   time       : 2025-10-19 19:34:45     process id : 79261
#   hostname   : 53a6091906e1
#   path       : /content/drive/MyDrive/Colab Notebooks/vampire phase diagram
#   version    : 7.0.0
#   githash    : 525bc27ee44c525aee229570f30f3d4c61d54f66
#----------------------------------------------------------------------------------------------------------------------------------------------------------
2e-12      	8          	-0.000350075	0.000189347	0.999999   	0.973805   	0          	0          	0          	0          	0          	0          	0          	0          	0.553677   	0.173761   	4638.96    	4638.79    	0          	0          	0          	0          	0          	0          	0          	0          	3.02856e+07	-nan	-nan	-0.000350075	0.000189347	0.999999   	0.973805   	0.553677   	0.173761   	4638.96    	4638.79    	3.02856e+07	
3e-12      	7.8        	-3.90735e-05	2.77222e-05	1          	0.998148   	0          	0          	0          	0          	0          	0          	0          	0          	0.12862    	0.12482    	0.000221248	0.000220952	0          	0          	0          	0          	0          	0          	0          	0          	1.43053	-nan	-nan	-3.90735e-05	2.77222e-05	1          	0.998148   	0.12862    	0.12482    	0.000221248	0.000220952	1.43053	
4e-12      	7.6        	6.64159e-05	8.57609e-06	1          	0.998101   	0          	0          	0          	0          	0          	0          	0          	0          	0.128084   	0.111706   	0.00023523 	0.0002355  	0          	0          	0          	0          	0          	0          	0          	0          	1.4462	-nan	-nan	6.64159e-05	8.57609e-06	1          	0.998101   	0.128084   	0.111706   	0.00023523 	0.0002355  	1.4462	
5e-12      	7.4        	1.4902e-05 	7.36172e-05	1          	0.998051   	0          	0          	0          	0          	0          	0          	0          	0          	0.159546   	0.0965288  	0.000236288	0.00023659 	0          	0          	0          	0          	0          	0          	0          	0          	1.37953	-nan	-nan	1.4902e-05 	7.36172e-05	1          	0.998051   	0.159546   	0.0965288  	0.000236288	0.00023659 	1.37953	
6e-12      	7.2        	1.85848e-05	9.8553e-05 	1          	0.997999   	0          	0          	0          	0          	0          	0          	0          	0          	0.112319   	0.11676    	0.000290961	0.000291437	0          	0          	0          	0          	0          	0          	0          	0          	1.61094	-nan	-nan	1.85848e-05	9.8553e-05 	1          	0.997999   	0.112319   	0.11676    	0.000290961	0.000291437	1.61094	
7e-12      	7          	2.48496e-05	3.42819e-05	1          	0.997948   	0          	0          	0          	0          	0          	0          	0          	0          	0.127423   	0.138793   	0.000283961	0.000283497	0          	0          	0          	0          	0          	0          	0          	0          	1.48881	-nan	-nan	2.48496e-05	3.42819e-05	1          	0.997948   	0.127423   	0.138793   	0.000283961	0.000283497	1.48881	
8e-12      	6.8        	6.72938e-05	-2.666e-05 	1          	0.997881   	0          	0          	0          	0          	0          	0          	0          	0          	0.124524   	0.132574   	0.00036906 	0.000368447	0          	0          	0          	0          	0          	0          	0          	0          	1.82952	-nan	-nan	6.72938e-05	-2.666e-05 	1          	0.997881   	0.124524   	0.132574   	0.00036906 	0.000368447	1.82952	
9e-12      	6.6        	-3.12805e-05	-1.28188e-05	1          	0.997823   	0          	0          	0          	0          	0          	0          	0          	0          	0.156222   	0.158117   	0.000311894	0.000311235	0          	0          	0          	0          	0          	0          	0          	0          	1.45956	-nan	-nan	-3.12805e-05	-1.28188e-05	1          	0.997823   	0.156222   	0.158117   	0.000311894	0.000311235	1.45956	
1e-11      	6.4        	8.28687e-05	-2.98469e-05	1          	0.997757   	0          	0          	0          	0          	0          	0          	0          	0          	0.155952   	0.163073   	0.000383765	0.000383131	0          	0          	0          	0          	0          	0          	0          	0          	1.6924	-nan	-nan	8.28687e-05	-2.98469e-05	1          	0.997757   	0.155952   	0.163073   	0.000383765	0.000383131	1.6924	
1.1e-11    	6.2        	6.66304e-05	1.4086e-05 	1          	0.997685   	0          	0          	0          	0          	0          	0          	0          	0          	0.195212   	0.138985   	0.000365533	0.000366117	0          	0          	0          	0          	0          	0          	0          	0          	1.51638	-nan	-nan	6.66304e-05	1.4086e-05 	1          	0.997685   	0.195212   	0.138985   	0.000365533	0.000366117	1.51638	
1.2e-11    	6          	5.36025e-05	-4.9233e-06	1          	0.997611   	0          	0          	0          	0          	0          	0          	0          	0          	0.147303   	0.166128   	0.000375953	0.000376564	0          	0          	0          	0          	0          	0          	0          	0          	1.4642	-nan	-nan	5.36025e-05	-4.9233e-06	1          	0.997611   	0.147303   	0.166128   	0.000375953	0.000376564	1.4642	
1.3e-11    	5.8        	-4.37976e-06	0.000106885	1          	0.997536   	0          	0          	0          	0          	0          	0          	0          	0          	0.152307   	0.148801   	0.000420795	0.000420907	0          	0          	0          	0          	0          	0          	0          	0          	1.53549	-nan	-nan	-4.37976e-06	0.000106885	1          	0.997536   	0.152307   	0.148801   	0.000420795	0.000420907	1.53549	
1.4e-11    	5.6        	-8.88253e-05	-4.3435e-07	1          	0.997451   	0          	0          	0          	0          	0          	0          	0          	0          	0.194085   	0.175071   	0.000362257	0.000361555	0          	0          	0          	0          	0          	0          	0          	0          	1.23578	-nan	-nan	-8.88253e-05	-4.3435e-07	1          	0.997451   	0.194085   	0.175071   	0.000362257	0.000361555	1.23578	
1.5e-11    	5.4        	-1.57566e-05	-3.82489e-05	1          	0.997361   	0          	0          	0          	0          	0          	0          	0          	0          	0.188726   	0.172116   	0.000416834	0.000416863	0          	0          	0          	0          	0          	0          	0          	0          	1.32623	-nan	-nan	-1.57566e-05	-3.82489e-05	1          	0.997361   	0.188726   	0.172116   	0.000416834	0.000416863	1.32623	
1.6e-11    	5.2        	2.47582e-06	3.26086e-05	1          	0.997266   	0          	0          	0          	0          	0          	0          	0          	0          	0.170372   	0.179763   	0.000508581	0.000508387	0          	0          	0          	0          	0          	0          	0          	0          	1.50537	-nan	-nan	2.47582e-06	3.26086e-05	1          	0.997266   	0.170372   	0.179763   	0.000508581	0.000508387	1.50537	
1.7e-11    	5          	3.77301e-06	-0.000103622	1          	0.997159   	0          	0          	0          	0          	0          	0          	0          	0          	0.193651   	0.187181   	0.000558232	0.000557776	0          	0          	0          	0          	0          	0          	0          	0          	1.53307	-nan	-nan	3.77301e-06	-0.000103622	1          	0.997159   	0.193651   	0.187181   	0.000558232	0.000557776	1.53307	
1.8e-11    	4.8        	8.16227e-05	-9.64998e-05	1          	0.99705    	0          	0          	0          	0          	0          	0          	0          	0          	0.153564   	0.203428   	0.000545068	0.000544151	0          	0          	0          	0          	0          	0          	0          	0          	1.38478	-nan	-nan	8.16227e-05	-9.64998e-05	1          	0.99705    	0.153564   	0.203428   	0.000545068	0.000544151	1.38478	
1.9e-11    	4.6        	-2.21994e-05	-4.20268e-05	1          	0.996925   	0          	0          	0          	0          	0          	0          	0          	0          	0.205479   	0.213225   	0.000649879	0.000649225	0          	0          	0          	0          	0          	0          	0          	0          	1.52258	-nan	-nan	-2.21994e-05	-4.20268e-05	1          	0.996925   	0.205479   	0.213225   	0.000649879	0.000649225	1.52258	
2e-11      	4.4        	2.22364e-05	-1.97274e-05	1          	0.996793   	0          	0          	0          	0          	0          	0          	0          	0          	0.17853    	0.199729   	0.000659006	0.000657875	0          	0          	0          	0          	0          	0          	0          	0          	1.41904	-nan	-nan	2.22364e-05	-1.97274e-05	1          	0.996793   	0.17853    	0.199729   	0.000659006	0.000657875	1.41904	
2.1e-11    	4.2        	4.87879e-05	7.55791e-05	1          	0.996648   	0          	0          	0          	0          	0          	0          	0          	0          	0.212671   	0.206865   	0.000831648	0.000831532	0          	0          	0          	0          	0          	0          	0          	0          	1.63963	-nan	-nan	4.87879e-05	7.55791e-05	1          	0.996648   	0.212671   	0.206865   	0.000831648	0.000831532	1.63963	
2.2e-11    	4          	-2.66654e-05	7.7249e-05 	1          	0.996492   	0          	0          	0          	0          	0          	0          	0          	0          	0.215867   	0.213587   	0.000758755	0.000758951	0          	0          	0          	0          	0          	0          	0          	0          	1.36413	-nan	-nan	-2.66654e-05	7.7249e-05 	1          	0.996492   	0.215867   	0.213587   	0.000758755	0.000758951	1.36413	
2.3e-11    	3.8        	-7.7465e-06	6.42532e-05	1          	0.996314   	0          	0          	0          	0          	0          	0          	0          	0          	0.226079   	0.245637   	0.00100881 	0.00100679 	0          	0          	0          	0          	0          	0          	0          	0          	1.64651	-nan	-nan	-7.7465e-06	6.42532e-05	1          	0.996314   	0.226079   	0.245637   	0.00100881 	0.00100679 	1.64651	
2.4e-11    	3.6        	2.09391e-05	-0.000163753	1          	0.996116   	0          	0          	0          	0          	0          	0          	0          	0          	0.260049   	0.251539   	0.00106358 	0.00106384 	0          	0          	0          	0          	0          	0          	0          	0          	1.56826	-nan	-nan	2.09391e-05	-0.000163753	1          	0.996116   	0.260049   	0.251539   	0.00106358 	0.00106384 	1.56826	
2.5e-11    	3.4        	-8.04551e-05	7.78802e-05	1          	0.995907   	0          	0          	0          	0          	0          	0          	0          	0          	0.294378   	0.205094   	0.00115681 	0.00115719 	0          	0          	0          	0          	0          	0          	0          	0          	1.53267	-nan	-nan	-8.04551e-05	7.78802e-05	1          	0.995907   	0.294378   	0.205094   	0.00115681 	0.00115719 	1.53267	
2.6e-11    	3.2        	-0.000172054	5.75542e-06	1          	0.995667   	0          	0          	0          	0          	0          	0          	0          	0          	0.236231   	0.30714    	0.00130817 	0.00130929 	0          	0          	0          	0          	0          	0          	0          	0          	1.54773	-nan	-nan	-0.000172054	5.75542e-06	1          	0.995667   	0.236231   	0.30714    	0.00130817 	0.00130929 	1.54773	
2.7e-11    	3          	3.96395e-05	-3.8437e-06	1          	0.995398   	0          	0          	0          	0          	0          	0          	0          	0          	0.299409   	0.338457   	0.00116246 	0.00116367 	0          	0          	0          	0          	0          	0          	0          	0          	1.21997	-nan	-nan	3.96395e-05	-3.8437e-06	1          	0.995398   	0.299409   	0.338457   	0.00116246 	0.00116367 	1.21997	
2.8e-11    	2.8        	0.000316542	-4.25535e-07	0.999999   	0.995107   	0          	0          	0          	0          	0          	0          	0          	0          	0.341021   	0.28508    	0.00149325 	0.00149111 	0          	0          	0          	0          	0          	0          	0          	0          	1.37957	-nan	-nan	0.000316542	-4.25535e-07	0.999999   	0.995107   	0.341021   	0.28508    	0.00149325 	0.00149111 	1.37957	
2.9e-11    	2.6        	-0.000118509	3.70328e-05	0.999999   	0.994762   	0          	0          	0          	0          	0          	0          	0          	0          	0.370273   	0.420172   	0.00183227 	0.00183165 	0          	0          	0          	0          	0          	0          	0          	0          	1.4773	-nan	-nan	-0.000118509	3.70328e-05	0.999999   	0.994762   	0.370273   	0.420172   	0.00183227 	0.00183165 	1.4773	
3e-11      	2.4        	0.000145038	3.24086e-05	0.999999   	0.994362   	0          	0          	0          	0          	0          	0          	0          	0          	0.374299   	0.376132   	0.00239931 	0.00240291 	0          	0          	0          	0          	0          	0          	0          	0          	1.67116	-nan	-nan	0.000145038	3.24086e-05	0.999999   	0.994362   	0.374299   	0.376132   	0.00239931 	0.00240291 	1.67116	
3.1e-11    	2.2        	-0.00011038	4.71187e-05	0.999999   	0.993899   	0          	0          	0          	0          	0          	0          	0          	0          	0.451295   	0.395191   	0.00285269 	0.00284839 	0          	0          	0          	0          	0          	0          	0          	0          	1.69701	-nan	-nan	-0.00011038	4.71187e-05	0.999999   	0.993899   	0.451295   	0.395191   	0.00285269 	0.00284839 	1.69701	
3.2e-11    	2          	9.5889e-05 	-7.59459e-05	0.999999   	0.99335    	0          	0          	0          	0          	0          	0          	0          	0          	0.494519   	0.437684   	0.00358112 	0.00357515 	0          	0          	0          	0          	0          	0          	0          	0          	1.79472	-nan	-nan	9.5889e-05 	-7.59459e-05	0.999999   	0.99335    	0.494519   	0.437684   	0.00358112 	0.00357515 	1.79472	
3.3e-11    	1.8        	5.49971e-05	8.24228e-07	0.999999   	0.992704   	0          	0          	0          	0          	0          	0          	0          	0          	0.492738   	0.615487   	0.00430378 	0.00431084 	0          	0          	0          	0          	0          	0          	0          	0          	1.78812	-nan	-nan	5.49971e-05	8.24228e-07	0.999999   	0.992704   	0.492738   	0.615487   	0.00430378 	0.00431084 	1.78812	
3.4e-11    	1.6        	5.7053e-05 	3.32081e-05	0.999999   	0.991906   	0          	0          	0          	0          	0          	0          	0          	0          	0.453171   	0.494125   	0.00493588 	0.00494136 	0          	0          	0          	0          	0          	0          	0          	0          	1.66733	-nan	-nan	5.7053e-05 	3.32081e-05	0.999999   	0.991906   	0.453171   	0.494125   	0.00493588 	0.00494136 	1.66733	
3.5e-11    	1.4        	-0.00024053	7.69318e-05	0.999999   	0.990917   	0          	0          	0          	0          	0          	0          	0          	0          	0.655834   	0.635299   	0.00627554 	0.00626665 	0          	0          	0          	0          	0          	0          	0          	0          	1.68275	-nan	-nan	-0.00024053	7.69318e-05	0.999999   	0.990917   	0.655834   	0.635299   	0.00627554 	0.00626665 	1.68275	
3.6e-11    	1.2        	-3.85644e-05	-0.000177203	0.999999   	0.989635   	0          	0          	0          	0          	0          	0          	0          	0          	0.652142   	0.643114   	0.00955845 	0.00955605 	0          	0          	0          	0          	0          	0          	0          	0          	1.97327	-nan	-nan	-3.85644e-05	-0.000177203	0.999999   	0.989635   	0.652142   	0.643114   	0.00955845 	0.00955605 	1.97327	
3.7e-11    	1          	-0.000125225	-0.000293986	0.999999   	0.987958   	0          	0          	0          	0          	0          	0          	0          	0          	0.859187   	0.751772   	0.0150725  	0.0150488  	0          	0          	0          	0          	0          	0          	0          	0          	2.30272	-nan	-nan	-0.000125225	-0.000293986	0.999999   	0.987958   	0.859187   	0.751772   	0.0150725  	0.0150488  	2.30272	
3.8e-11    	0.8        	2.17313e-05	3.1311e-05 	0.999998   	0.985613   	0          	0          	0          	0          	0          	0          	0          	0          	0.897154   	0.984157   	0.0212329  	0.0212382  	0          	0          	0          	0          	0          	0          	0          	0          	2.2733	-nan	-nan	2.17313e-05	3.1311e-05 	0.999998   	0.985613   	0.897154   	0.984157   	0.0212329  	0.0212382  	2.2733	
3.9e-11    	0.6        	0.00021198 	0.000234518	0.999998   	0.98212    	0          	0          	0          	0          	0          	0          	0          	0          	1.09914    	0.914809   	0.0400096  	0.0400089  	0          	0          	0          	0          	0          	0          	0          	0          	2.77831	-nan	-nan	0.00021198 	0.000234518	0.999998   	0.98212    	1.09914    	0.914809   	0.0400096  	0.0400089  	2.77831	
4e-11      	0.4        	0.00017178 	6.60451e-05	0.999997   	0.976428   	0          	0          	0          	0          	0          	0          	0          	0          	1.72285    	1.43494    	0.0778859  	0.0777925  	0          	0          	0          	0          	0          	0          	0          	0          	3.09689	-nan	-nan	0.00017178 	6.60451e-05	0.999997   	0.976428   	1.72285    	1.43494    	0.0778859  	0.0777925  	3.09689	
4.1e-11    	0.2        	-1.41074e-05	-9.66993e-05	0.999996   	0.965018   	0          	0          	0          	0          	0          	0          	0          	0          	1.95444    	2.27147    	0.244317   	0.244419   	0          	0          	0          	0          	0          	0          	0          	0          	4.41408	-nan	-nan	-1.41074e-05	-9.66993e-05	0.999996   	0.965018   	1.95444    	2.27147    	0.244317   	0.244419   	4.41408	
4.2e-11    	-0         	0.000246519	-0.000392948	0.999984   	0.707813   	0          	0          	0          	0          	0          	0          	0          	0          	4.80167    	4.57324    	9167.04    	9166.74    	0          	0          	0          	0          	0          	0          	0          	0          	11.3289	-nan	-nan	0.000246519	-0.000392948	0.999984   	0.707813   	4.80167    	4.57324    	9167.04    	9166.74    	11.3289	
