#----------------------------------------------------------------------------------------------------------------------------------------------------------
# Output file for vampire simulation
#   time       : 2025-10-19 20:00:22     process id : 85534
#   hostname   : 53a6091906e1
#   path       : /content/drive/MyDrive/Colab Notebooks/vampire phase diagram
#   version    : 7.0.0
#   githash    : 525bc27ee44c525aee229570f30f3d4c61d54f66
#----------------------------------------------------------------------------------------------------------------------------------------------------------
2e-12      	8          	0.000117986	-3.4273e-05	0.999996   	0.96893    	0          	0          	0          	0          	0          	0          	0          	0          	0.12454    	0.126829   	59.5337    	59.5082    	0          	0          	0          	0          	0          	0          	0          	0          	26220.4	-nan	-nan	0.000117986	-3.4273e-05	0.999996   	0.96893    	0.12454    	0.126829   	59.5337    	59.5082    	26220.4	
3e-12      	7.8        	0.000140007	3.24416e-05	0.999997   	0.972222   	0          	0          	0          	0          	0          	0          	0          	0          	0.114621   	0.125674   	0.00378019 	0.00378305 	0          	0          	0          	0          	0          	0          	0          	0          	1.62452	-nan	-nan	0.000140007	3.24416e-05	0.999997   	0.972222   	0.114621   	0.125674   	0.00378019 	0.00378305 	1.62452	
4e-12      	7.6        	-4.60595e-05	-0.000176529	0.999997   	0.971439   	0          	0          	0          	0          	0          	0          	0          	0          	0.112583   	0.12569    	0.00403747 	0.0040359  	0          	0          	0          	0          	0          	0          	0          	0          	1.64919	-nan	-nan	-4.60595e-05	-0.000176529	0.999997   	0.971439   	0.112583   	0.12569    	0.00403747 	0.0040359  	1.64919	
5e-12      	7.4        	-0.000230431	-0.000233755	0.999997   	0.970761   	0          	0          	0          	0          	0          	0          	0          	0          	0.134351   	0.120197   	0.003499   	0.00350523 	0          	0          	0          	0          	0          	0          	0          	0          	1.35731	-nan	-nan	-0.000230431	-0.000233755	0.999997   	0.970761   	0.134351   	0.120197   	0.003499   	0.00350523 	1.35731	
6e-12      	7.2        	-2.99161e-05	-0.00025197	0.999997   	0.969952   	0          	0          	0          	0          	0          	0          	0          	0          	0.112679   	0.12265    	0.00346597 	0.00345962 	0          	0          	0          	0          	0          	0          	0          	0          	1.27495	-nan	-nan	-2.99161e-05	-0.00025197	0.999997   	0.969952   	0.112679   	0.12265    	0.00346597 	0.00345962 	1.27495	
7e-12      	7          	0.000109054	0.000299085	0.999997   	0.96912    	0          	0          	0          	0          	0          	0          	0          	0          	0.0914243  	0.121359   	0.00397735 	0.00397165 	0          	0          	0          	0          	0          	0          	0          	0          	1.38501	-nan	-nan	0.000109054	0.000299085	0.999997   	0.96912    	0.0914243  	0.121359   	0.00397735 	0.00397165 	1.38501	
8e-12      	6.8        	-9.19096e-06	0.000149607	0.999997   	0.968159   	0          	0          	0          	0          	0          	0          	0          	0          	0.122376   	0.111301   	0.00384053 	0.00384251 	0          	0          	0          	0          	0          	0          	0          	0          	1.26433	-nan	-nan	-9.19096e-06	0.000149607	0.999997   	0.968159   	0.122376   	0.111301   	0.00384053 	0.00384251 	1.26433	
9e-12      	6.6        	0.000192361	0.000335281	0.999996   	0.967382   	0          	0          	0          	0          	0          	0          	0          	0          	0.125855   	0.155563   	0.00421953 	0.00422102 	0          	0          	0          	0          	0          	0          	0          	0          	1.31076	-nan	-nan	0.000192361	0.000335281	0.999996   	0.967382   	0.125855   	0.155563   	0.00421953 	0.00422102 	1.31076	
1e-11      	6.4        	-8.21165e-05	-0.000219584	0.999996   	0.966286   	0          	0          	0          	0          	0          	0          	0          	0          	0.144257   	0.159933   	0.00581638 	0.00581471 	0          	0          	0          	0          	0          	0          	0          	0          	1.70249	-nan	-nan	-8.21165e-05	-0.000219584	0.999996   	0.966286   	0.144257   	0.159933   	0.00581638 	0.00581471 	1.70249	
1.1e-11    	6.2        	0.000218864	9.73012e-05	0.999996   	0.965296   	0          	0          	0          	0          	0          	0          	0          	0          	0.151904   	0.149382   	0.00509186 	0.00509974 	0          	0          	0          	0          	0          	0          	0          	0          	1.40194	-nan	-nan	0.000218864	9.73012e-05	0.999996   	0.965296   	0.151904   	0.149382   	0.00509186 	0.00509974 	1.40194	
1.2e-11    	6          	0.000553396	0.000182681	0.999996   	0.964111   	0          	0          	0          	0          	0          	0          	0          	0          	0.144543   	0.135664   	0.00778325 	0.00779379 	0          	0          	0          	0          	0          	0          	0          	0          	2.01019	-nan	-nan	0.000553396	0.000182681	0.999996   	0.964111   	0.144543   	0.135664   	0.00778325 	0.00779379 	2.01019	
1.3e-11    	5.8        	-0.000155277	-8.32916e-05	0.999996   	0.962957   	0          	0          	0          	0          	0          	0          	0          	0          	0.142252   	0.161334   	0.00610546 	0.00610156 	0          	0          	0          	0          	0          	0          	0          	0          	1.47682	-nan	-nan	-0.000155277	-8.32916e-05	0.999996   	0.962957   	0.142252   	0.161334   	0.00610546 	0.00610156 	1.47682	
1.4e-11    	5.6        	0.000265641	-6.87495e-05	0.999996   	0.961623   	0          	0          	0          	0          	0          	0          	0          	0          	0.158436   	0.174751   	0.00631424 	0.00632462 	0          	0          	0          	0          	0          	0          	0          	0          	1.42724	-nan	-nan	0.000265641	-6.87495e-05	0.999996   	0.961623   	0.158436   	0.174751   	0.00631424 	0.00632462 	1.42724	
1.5e-11    	5.4        	-2.82683e-05	-0.000140156	0.999995   	0.960262   	0          	0          	0          	0          	0          	0          	0          	0          	0.171201   	0.194101   	0.00670521 	0.00670644 	0          	0          	0          	0          	0          	0          	0          	0          	1.41327	-nan	-nan	-2.82683e-05	-0.000140156	0.999995   	0.960262   	0.171201   	0.194101   	0.00670521 	0.00670644 	1.41327	
1.6e-11    	5.2        	-5.96751e-05	-3.46304e-05	0.999996   	0.958789   	0          	0          	0          	0          	0          	0          	0          	0          	0.172472   	0.171295   	0.00910569 	0.00909617 	0          	0          	0          	0          	0          	0          	0          	0          	1.78427	-nan	-nan	-5.96751e-05	-3.46304e-05	0.999996   	0.958789   	0.172472   	0.171295   	0.00910569 	0.00909617 	1.78427	
1.7e-11    	5          	-5.59992e-05	-0.000180355	0.999995   	0.957271   	0          	0          	0          	0          	0          	0          	0          	0          	0.202294   	0.180576   	0.00820116 	0.00819816 	0          	0          	0          	0          	0          	0          	0          	0          	1.49108	-nan	-nan	-5.59992e-05	-0.000180355	0.999995   	0.957271   	0.202294   	0.180576   	0.00820116 	0.00819816 	1.49108	
1.8e-11    	4.8        	-3.15768e-05	-3.99703e-05	0.999995   	0.955512   	0          	0          	0          	0          	0          	0          	0          	0          	0.197818   	0.204759   	0.00708977 	0.00709655 	0          	0          	0          	0          	0          	0          	0          	0          	1.19133	-nan	-nan	-3.15768e-05	-3.99703e-05	0.999995   	0.955512   	0.197818   	0.204759   	0.00708977 	0.00709655 	1.19133	
1.9e-11    	4.6        	0.000221958	0.000274889	0.999996   	0.9537     	0          	0          	0          	0          	0          	0          	0          	0          	0.166156   	0.180602   	0.0108215  	0.0108356  	0          	0          	0          	0          	0          	0          	0          	0          	1.67487	-nan	-nan	0.000221958	0.000274889	0.999996   	0.9537     	0.166156   	0.180602   	0.0108215  	0.0108356  	1.67487	
2e-11      	4.4        	5.38954e-05	-0.000257922	0.999995   	0.951569   	0          	0          	0          	0          	0          	0          	0          	0          	0.210687   	0.185763   	0.0111731  	0.0111611  	0          	0          	0          	0          	0          	0          	0          	0          	1.58781	-nan	-nan	5.38954e-05	-0.000257922	0.999995   	0.951569   	0.210687   	0.185763   	0.0111731  	0.0111611  	1.58781	
2.1e-11    	4.2        	0.000430799	-4.83475e-05	0.999995   	0.949501   	0          	0          	0          	0          	0          	0          	0          	0          	0.185871   	0.226482   	0.0126416  	0.0126458  	0          	0          	0          	0          	0          	0          	0          	0          	1.64454	-nan	-nan	0.000430799	-4.83475e-05	0.999995   	0.949501   	0.185871   	0.226482   	0.0126416  	0.0126458  	1.64454	
2.2e-11    	4          	0.000159709	-2.31718e-05	0.999995   	0.9471     	0          	0          	0          	0          	0          	0          	0          	0          	0.231252   	0.189722   	0.0137034  	0.0137109  	0          	0          	0          	0          	0          	0          	0          	0          	1.62411	-nan	-nan	0.000159709	-2.31718e-05	0.999995   	0.9471     	0.231252   	0.189722   	0.0137034  	0.0137109  	1.62411	
2.3e-11    	3.8        	0.000232139	-0.000157619	0.999994   	0.944352   	0          	0          	0          	0          	0          	0          	0          	0          	0.256667   	0.214615   	0.0138145  	0.0138217  	0          	0          	0          	0          	0          	0          	0          	0          	1.48454	-nan	-nan	0.000232139	-0.000157619	0.999994   	0.944352   	0.256667   	0.214615   	0.0138145  	0.0138217  	1.48454	
2.4e-11    	3.6        	-9.03651e-05	-6.51984e-05	0.999993   	0.941489   	0          	0          	0          	0          	0          	0          	0          	0          	0.23593    	0.31629    	0.0177027  	0.0176704  	0          	0          	0          	0          	0          	0          	0          	0          	1.71627	-nan	-nan	-9.03651e-05	-6.51984e-05	0.999993   	0.941489   	0.23593    	0.31629    	0.0177027  	0.0176704  	1.71627	
2.5e-11    	3.4        	-0.00041359	-6.17442e-05	0.999994   	0.938112   	0          	0          	0          	0          	0          	0          	0          	0          	0.215771   	0.224663   	0.019786   	0.0197813  	0          	0          	0          	0          	0          	0          	0          	0          	1.72056	-nan	-nan	-0.00041359	-6.17442e-05	0.999994   	0.938112   	0.215771   	0.224663   	0.019786   	0.0197813  	1.72056	
2.6e-11    	3.2        	-0.00045543	-0.000265503	0.999993   	0.934475   	0          	0          	0          	0          	0          	0          	0          	0          	0.233131   	0.308214   	0.0207575  	0.0207461  	0          	0          	0          	0          	0          	0          	0          	0          	1.6087	-nan	-nan	-0.00045543	-0.000265503	0.999993   	0.934475   	0.233131   	0.308214   	0.0207575  	0.0207461  	1.6087	
2.7e-11    	3          	-0.000284175	0.00016823 	0.999992   	0.930381   	0          	0          	0          	0          	0          	0          	0          	0          	0.30438    	0.283535   	0.0244915  	0.0245007  	0          	0          	0          	0          	0          	0          	0          	0          	1.67893	-nan	-nan	-0.000284175	0.00016823 	0.999992   	0.930381   	0.30438    	0.283535   	0.0244915  	0.0245007  	1.67893	
2.8e-11    	2.8        	0.000388414	-0.000340338	0.999993   	0.925819   	0          	0          	0          	0          	0          	0          	0          	0          	0.225954   	0.294827   	0.0235567  	0.0235162  	0          	0          	0          	0          	0          	0          	0          	0          	1.41949	-nan	-nan	0.000388414	-0.000340338	0.999993   	0.925819   	0.225954   	0.294827   	0.0235567  	0.0235162  	1.41949	
2.9e-11    	2.6        	-0.000180253	-0.00030422	0.999991   	0.920382   	0          	0          	0          	0          	0          	0          	0          	0          	0.377325   	0.289446   	0.0320901  	0.0320145  	0          	0          	0          	0          	0          	0          	0          	0          	1.67802	-nan	-nan	-0.000180253	-0.00030422	0.999991   	0.920382   	0.377325   	0.289446   	0.0320901  	0.0320145  	1.67802	
3e-11      	2.4        	-0.000348339	-8.16005e-06	0.999991   	0.914307   	0          	0          	0          	0          	0          	0          	0          	0          	0.350749   	0.306992   	0.0340438  	0.0339948  	0          	0          	0          	0          	0          	0          	0          	0          	1.53249	-nan	-nan	-0.000348339	-8.16005e-06	0.999991   	0.914307   	0.350749   	0.306992   	0.0340438  	0.0339948  	1.53249	
3.1e-11    	2.2        	-0.000265987	-0.000126143	0.999989   	0.906783   	0          	0          	0          	0          	0          	0          	0          	0          	0.356739   	0.437377   	0.0412363  	0.0411806  	0          	0          	0          	0          	0          	0          	0          	0          	1.57769	-nan	-nan	-0.000265987	-0.000126143	0.999989   	0.906783   	0.356739   	0.437377   	0.0412363  	0.0411806  	1.57769	
3.2e-11    	2          	0.000149067	-0.000553881	0.999989   	0.898178   	0          	0          	0          	0          	0          	0          	0          	0          	0.380941   	0.353423   	0.0483139  	0.0482739  	0          	0          	0          	0          	0          	0          	0          	0          	1.54678	-nan	-nan	0.000149067	-0.000553881	0.999989   	0.898178   	0.380941   	0.353423   	0.0483139  	0.0482739  	1.54678	
3.3e-11    	1.8        	-0.000227667	0.000596175	0.999987   	0.887696   	0          	0          	0          	0          	0          	0          	0          	0          	0.413847   	0.431027   	0.0696749  	0.0697215  	0          	0          	0          	0          	0          	0          	0          	0          	1.82641	-nan	-nan	-0.000227667	0.000596175	0.999987   	0.887696   	0.413847   	0.431027   	0.0696749  	0.0697215  	1.82641	
3.4e-11    	1.6        	0.00067381 	-4.71526e-05	0.999985   	0.874654   	0          	0          	0          	0          	0          	0          	0          	0          	0.462359   	0.493861   	0.0854018  	0.0852505  	0          	0          	0          	0          	0          	0          	0          	0          	1.79952	-nan	-nan	0.00067381 	-4.71526e-05	0.999985   	0.874654   	0.462359   	0.493861   	0.0854018  	0.0852505  	1.79952	
3.5e-11    	1.4        	-0.000558092	-0.000259641	0.999984   	0.857791   	0          	0          	0          	0          	0          	0          	0          	0          	0.488262   	0.525297   	0.121745   	0.12169    	0          	0          	0          	0          	0          	0          	0          	0          	1.99785	-nan	-nan	-0.000558092	-0.000259641	0.999984   	0.857791   	0.488262   	0.525297   	0.121745   	0.12169    	1.99785	
3.6e-11    	1.2        	-0.000398355	0.000113079	0.999977   	0.836052   	0          	0          	0          	0          	0          	0          	0          	0          	0.683012   	0.700946   	0.171024   	0.171032   	0          	0          	0          	0          	0          	0          	0          	0          	2.10239	-nan	-nan	-0.000398355	0.000113079	0.999977   	0.836052   	0.683012   	0.700946   	0.171024   	0.171032   	2.10239	
3.7e-11    	1          	-3.25599e-05	-0.000283348	0.999977   	0.804989   	0          	0          	0          	0          	0          	0          	0          	0          	0.665753   	0.638667   	0.276854   	0.276787   	0          	0          	0          	0          	0          	0          	0          	0          	2.42602	-nan	-nan	-3.25599e-05	-0.000283348	0.999977   	0.804989   	0.665753   	0.638667   	0.276854   	0.276787   	2.42602	
3.8e-11    	0.8        	-0.000250421	0.00030405 	0.999962   	0.759313   	0          	0          	0          	0          	0          	0          	0          	0          	1.067      	0.802485   	0.487743   	0.487405   	0          	0          	0          	0          	0          	0          	0          	0          	2.74432	-nan	-nan	-0.000250421	0.00030405 	0.999962   	0.759313   	1.067      	0.802485   	0.487743   	0.487405   	2.74432	
3.9e-11    	0.6        	-0.000558848	-0.00022268	0.999952   	0.682653   	0          	0          	0          	0          	0          	0          	0          	0          	1.05071    	0.85463    	0.931334   	0.93056    	0          	0          	0          	0          	0          	0          	0          	0          	3.01306	-nan	-nan	-0.000558848	-0.00022268	0.999952   	0.682653   	1.05071    	0.85463    	0.931334   	0.93056    	3.01306	
4e-11      	0.4        	0.000505493	-0.000224349	0.999916   	0.549918   	0          	0          	0          	0          	0          	0          	0          	0          	1.12574    	1.06721    	1.66641    	1.66709    	0          	0          	0          	0          	0          	0          	0          	0          	2.42665	-nan	-nan	0.000505493	-0.000224349	0.999916   	0.549918   	1.12574    	1.06721    	1.66641    	1.66709    	2.42665	
4.1e-11    	0.2        	-0.000853399	-0.000689221	0.999724   	0.32252    	0          	0          	0          	0          	0          	0          	0          	0          	1.30212    	1.14736    	2.92096    	2.91597    	0          	0          	0          	0          	0          	0          	0          	0          	1.15859	-nan	-nan	-0.000853399	-0.000689221	0.999724   	0.32252    	1.30212    	1.14736    	2.92096    	2.91597    	1.15859	
4.2e-11    	-0         	-0.0457772 	-0.0133952 	-0.0116626 	0.00977306 	0          	0          	0          	0          	0          	0          	0          	0          	1.41912    	1.41121    	2.80672    	1.54818    	0          	0          	0          	0          	0          	0          	0          	0          	0.0437474	-nan	-nan	-0.0457772 	-0.0133952 	-0.0116626 	0.00977306 	1.41912    	1.41121    	2.80672    	1.54818    	0.0437474	
