#----------------------------------------------------------------------------------------------------------------------------------------------------------
# Output file for vampire simulation
#   time       : 2025-10-19 19:58:33     process id : 85098
#   hostname   : 53a6091906e1
#   path       : /content/drive/MyDrive/Colab Notebooks/vampire phase diagram
#   version    : 7.0.0
#   githash    : 525bc27ee44c525aee229570f30f3d4c61d54f66
#----------------------------------------------------------------------------------------------------------------------------------------------------------
2e-12      	8          	-0.000358776	-9.15384e-05	0.999997   	0.970764   	0          	0          	0          	0          	0          	0          	0          	0          	0.127098   	0.119099   	62.7852    	62.7823    	0          	0          	0          	0          	0          	0          	0          	0          	29631.4	-nan	-nan	-0.000358776	-9.15384e-05	0.999997   	0.970764   	0.127098   	0.119099   	62.7852    	62.7823    	29631.4	
3e-12      	7.8        	9.3925e-05 	6.73401e-05	0.999997   	0.974075   	0          	0          	0          	0          	0          	0          	0          	0          	0.124741   	0.11716    	0.00304364 	0.00304317 	0          	0          	0          	0          	0          	0          	0          	0          	1.4015	-nan	-nan	9.3925e-05 	6.73401e-05	0.999997   	0.974075   	0.124741   	0.11716    	0.00304364 	0.00304317 	1.4015	
4e-12      	7.6        	0.00010867 	-8.36097e-05	0.999998   	0.97336    	0          	0          	0          	0          	0          	0          	0          	0          	0.109816   	0.104266   	0.00363208 	0.00363178 	0          	0          	0          	0          	0          	0          	0          	0          	1.59024	-nan	-nan	0.00010867 	-8.36097e-05	0.999998   	0.97336    	0.109816   	0.104266   	0.00363208 	0.00363178 	1.59024	
5e-12      	7.4        	-0.000126294	0.000171871	0.999997   	0.972731   	0          	0          	0          	0          	0          	0          	0          	0          	0.117602   	0.114123   	0.00357941 	0.00357745 	0          	0          	0          	0          	0          	0          	0          	0          	1.48781	-nan	-nan	-0.000126294	0.000171871	0.999997   	0.972731   	0.117602   	0.114123   	0.00357941 	0.00357745 	1.48781	
6e-12      	7.2        	2.60357e-05	-1.42402e-05	0.999997   	0.971968   	0          	0          	0          	0          	0          	0          	0          	0          	0.142741   	0.147494   	0.00360926 	0.00360614 	0          	0          	0          	0          	0          	0          	0          	0          	1.42263	-nan	-nan	2.60357e-05	-1.42402e-05	0.999997   	0.971968   	0.142741   	0.147494   	0.00360926 	0.00360614 	1.42263	
7e-12      	7          	0.000175006	5.09406e-05	0.999997   	0.971177   	0          	0          	0          	0          	0          	0          	0          	0          	0.125706   	0.139933   	0.00336142 	0.00335958 	0          	0          	0          	0          	0          	0          	0          	0          	1.25447	-nan	-nan	0.000175006	5.09406e-05	0.999997   	0.971177   	0.125706   	0.139933   	0.00336142 	0.00335958 	1.25447	
8e-12      	6.8        	6.82172e-06	0.000143403	0.999996   	0.970363   	0          	0          	0          	0          	0          	0          	0          	0          	0.153942   	0.156189   	0.00375619 	0.00375792 	0          	0          	0          	0          	0          	0          	0          	0          	1.32533	-nan	-nan	6.82172e-06	0.000143403	0.999996   	0.970363   	0.153942   	0.156189   	0.00375619 	0.00375792 	1.32533	
9e-12      	6.6        	0.000317761	-0.000133986	0.999997   	0.969488   	0          	0          	0          	0          	0          	0          	0          	0          	0.112929   	0.144466   	0.0049881  	0.00498859 	0          	0          	0          	0          	0          	0          	0          	0          	1.66059	-nan	-nan	0.000317761	-0.000133986	0.999997   	0.969488   	0.112929   	0.144466   	0.0049881  	0.00498859 	1.66059	
1e-11      	6.4        	-1.59478e-05	0.000313173	0.999997   	0.968546   	0          	0          	0          	0          	0          	0          	0          	0          	0.138456   	0.152826   	0.00529283 	0.00530324 	0          	0          	0          	0          	0          	0          	0          	0          	1.66014	-nan	-nan	-1.59478e-05	0.000313173	0.999997   	0.968546   	0.138456   	0.152826   	0.00529283 	0.00530324 	1.66014	
1.1e-11    	6.2        	0.000161687	-0.000130879	0.999997   	0.96753    	0          	0          	0          	0          	0          	0          	0          	0          	0.121726   	0.154611   	0.00574389 	0.00575105 	0          	0          	0          	0          	0          	0          	0          	0          	1.69399	-nan	-nan	0.000161687	-0.000130879	0.999997   	0.96753    	0.121726   	0.154611   	0.00574389 	0.00575105 	1.69399	
1.2e-11    	6          	-1.39332e-05	0.000197012	0.999997   	0.966506   	0          	0          	0          	0          	0          	0          	0          	0          	0.140206   	0.145784   	0.00465796 	0.00464867 	0          	0          	0          	0          	0          	0          	0          	0          	1.28956	-nan	-nan	-1.39332e-05	0.000197012	0.999997   	0.966506   	0.140206   	0.145784   	0.00465796 	0.00464867 	1.28956	
1.3e-11    	5.8        	-3.68907e-05	-0.000149297	0.999996   	0.965386   	0          	0          	0          	0          	0          	0          	0          	0          	0.14125    	0.165019   	0.00585778 	0.00586008 	0          	0          	0          	0          	0          	0          	0          	0          	1.51901	-nan	-nan	-3.68907e-05	-0.000149297	0.999996   	0.965386   	0.14125    	0.165019   	0.00585778 	0.00586008 	1.51901	
1.4e-11    	5.6        	-0.000416605	-0.000145168	0.999996   	0.964192   	0          	0          	0          	0          	0          	0          	0          	0          	0.171928   	0.160156   	0.006532   	0.00651847 	0          	0          	0          	0          	0          	0          	0          	0          	1.58238	-nan	-nan	-0.000416605	-0.000145168	0.999996   	0.964192   	0.171928   	0.160156   	0.006532   	0.00651847 	1.58238	
1.5e-11    	5.4        	-0.000337638	-0.00012203	0.999996   	0.962924   	0          	0          	0          	0          	0          	0          	0          	0          	0.158049   	0.1595     	0.00559958 	0.00560401 	0          	0          	0          	0          	0          	0          	0          	0          	1.26512	-nan	-nan	-0.000337638	-0.00012203	0.999996   	0.962924   	0.158049   	0.1595     	0.00559958 	0.00560401 	1.26512	
1.6e-11    	5.2        	0.000100222	-6.42421e-05	0.999996   	0.961573   	0          	0          	0          	0          	0          	0          	0          	0          	0.135913   	0.192851   	0.00692181 	0.00692509 	0          	0          	0          	0          	0          	0          	0          	0          	1.45437	-nan	-nan	0.000100222	-6.42421e-05	0.999996   	0.961573   	0.135913   	0.192851   	0.00692181 	0.00692509 	1.45437	
1.7e-11    	5          	-0.000376508	-0.000400004	0.999995   	0.960152   	0          	0          	0          	0          	0          	0          	0          	0          	0.201025   	0.235013   	0.0074622  	0.00745003 	0          	0          	0          	0          	0          	0          	0          	0          	1.45402	-nan	-nan	-0.000376508	-0.000400004	0.999995   	0.960152   	0.201025   	0.235013   	0.0074622  	0.00745003 	1.45402	
1.8e-11    	4.8        	-0.00014367	-0.000274189	0.999996   	0.958505   	0          	0          	0          	0          	0          	0          	0          	0          	0.195878   	0.156288   	0.00846561 	0.00845113 	0          	0          	0          	0          	0          	0          	0          	0          	1.52494	-nan	-nan	-0.00014367	-0.000274189	0.999996   	0.958505   	0.195878   	0.156288   	0.00846561 	0.00845113 	1.52494	
1.9e-11    	4.6        	0.000175726	0.000247705	0.999995   	0.956763   	0          	0          	0          	0          	0          	0          	0          	0          	0.211369   	0.172412   	0.00953236 	0.00954002 	0          	0          	0          	0          	0          	0          	0          	0          	1.58268	-nan	-nan	0.000175726	0.000247705	0.999995   	0.956763   	0.211369   	0.172412   	0.00953236 	0.00954002 	1.58268	
2e-11      	4.4        	-0.000509766	-0.000265067	0.999995   	0.954929   	0          	0          	0          	0          	0          	0          	0          	0          	0.212608   	0.193621   	0.0107907  	0.0107773  	0          	0          	0          	0          	0          	0          	0          	0          	1.64477	-nan	-nan	-0.000509766	-0.000265067	0.999995   	0.954929   	0.212608   	0.193621   	0.0107907  	0.0107773  	1.64477	
2.1e-11    	4.2        	0.0003203  	-0.000154373	0.999994   	0.952914   	0          	0          	0          	0          	0          	0          	0          	0          	0.267772   	0.237429   	0.0124275  	0.012432   	0          	0          	0          	0          	0          	0          	0          	0          	1.73337	-nan	-nan	0.0003203  	-0.000154373	0.999994   	0.952914   	0.267772   	0.237429   	0.0124275  	0.012432   	1.73337	
2.2e-11    	4          	-1.74173e-05	-0.000167647	0.999995   	0.950545   	0          	0          	0          	0          	0          	0          	0          	0          	0.203438   	0.194108   	0.014161   	0.0141481  	0          	0          	0          	0          	0          	0          	0          	0          	1.79941	-nan	-nan	-1.74173e-05	-0.000167647	0.999995   	0.950545   	0.203438   	0.194108   	0.014161   	0.0141481  	1.79941	
2.3e-11    	3.8        	-0.000198732	-6.42681e-06	0.999994   	0.948153   	0          	0          	0          	0          	0          	0          	0          	0          	0.232293   	0.226031   	0.016418   	0.0164169  	0          	0          	0          	0          	0          	0          	0          	0          	1.89239	-nan	-nan	-0.000198732	-6.42681e-06	0.999994   	0.948153   	0.232293   	0.226031   	0.016418   	0.0164169  	1.89239	
2.4e-11    	3.6        	-0.000195926	-7.9608e-05	0.999993   	0.945406   	0          	0          	0          	0          	0          	0          	0          	0          	0.278224   	0.274591   	0.0148255  	0.0148135  	0          	0          	0          	0          	0          	0          	0          	0          	1.54171	-nan	-nan	-0.000195926	-7.9608e-05	0.999993   	0.945406   	0.278224   	0.274591   	0.0148255  	0.0148135  	1.54171	
2.5e-11    	3.4        	0.000174418	0.000451677	0.999993   	0.942392   	0          	0          	0          	0          	0          	0          	0          	0          	0.293524   	0.250852   	0.0183565  	0.018386   	0          	0          	0          	0          	0          	0          	0          	0          	1.71174	-nan	-nan	0.000174418	0.000451677	0.999993   	0.942392   	0.293524   	0.250852   	0.0183565  	0.018386   	1.71174	
2.6e-11    	3.2        	-0.000366978	-0.000142051	0.999994   	0.938838   	0          	0          	0          	0          	0          	0          	0          	0          	0.253825   	0.262538   	0.0219548  	0.0219292  	0          	0          	0          	0          	0          	0          	0          	0          	1.8237	-nan	-nan	-0.000366978	-0.000142051	0.999994   	0.938838   	0.253825   	0.262538   	0.0219548  	0.0219292  	1.8237	
2.7e-11    	3          	0.000439735	0.000278972	0.999992   	0.935024   	0          	0          	0          	0          	0          	0          	0          	0          	0.32917    	0.273485   	0.0222717  	0.0222643  	0          	0          	0          	0          	0          	0          	0          	0          	1.63992	-nan	-nan	0.000439735	0.000278972	0.999992   	0.935024   	0.32917    	0.273485   	0.0222717  	0.0222643  	1.63992	
2.8e-11    	2.8        	-4.5493e-05	0.000354168	0.999992   	0.930749   	0          	0          	0          	0          	0          	0          	0          	0          	0.326724   	0.311933   	0.0274238  	0.0274426  	0          	0          	0          	0          	0          	0          	0          	0          	1.77236	-nan	-nan	-4.5493e-05	0.000354168	0.999992   	0.930749   	0.326724   	0.311933   	0.0274238  	0.0274426  	1.77236	
2.9e-11    	2.6        	-0.000198718	-0.000160513	0.999992   	0.925804   	0          	0          	0          	0          	0          	0          	0          	0          	0.318961   	0.332299   	0.0266447  	0.0265968  	0          	0          	0          	0          	0          	0          	0          	0          	1.49609	-nan	-nan	-0.000198718	-0.000160513	0.999992   	0.925804   	0.318961   	0.332299   	0.0266447  	0.0265968  	1.49609	
3e-11      	2.4        	2.93695e-05	0.000115753	0.999991   	0.919933   	0          	0          	0          	0          	0          	0          	0          	0          	0.334696   	0.339743   	0.0284693  	0.0284956  	0          	0          	0          	0          	0          	0          	0          	0          	1.38007	-nan	-nan	2.93695e-05	0.000115753	0.999991   	0.919933   	0.334696   	0.339743   	0.0284693  	0.0284956  	1.38007	
3.1e-11    	2.2        	-0.000460352	-0.000292539	0.99999    	0.913325   	0          	0          	0          	0          	0          	0          	0          	0          	0.344739   	0.443767   	0.0381507  	0.0381592  	0          	0          	0          	0          	0          	0          	0          	0          	1.56786	-nan	-nan	-0.000460352	-0.000292539	0.99999    	0.913325   	0.344739   	0.443767   	0.0381507  	0.0381592  	1.56786	
3.2e-11    	2          	0.000100362	0.000481496	0.999989   	0.905028   	0          	0          	0          	0          	0          	0          	0          	0          	0.45444    	0.379818   	0.0476914  	0.0476588  	0          	0          	0          	0          	0          	0          	0          	0          	1.64182	-nan	-nan	0.000100362	0.000481496	0.999989   	0.905028   	0.45444    	0.379818   	0.0476914  	0.0476588  	1.64182	
3.3e-11    	1.8        	0.000139024	0.000365578	0.999988   	0.895406   	0          	0          	0          	0          	0          	0          	0          	0          	0.392612   	0.477433   	0.0706347  	0.0706605  	0          	0          	0          	0          	0          	0          	0          	0          	1.99597	-nan	-nan	0.000139024	0.000365578	0.999988   	0.895406   	0.392612   	0.477433   	0.0706347  	0.0706605  	1.99597	
3.4e-11    	1.6        	-0.000284812	0.000377521	0.999987   	0.883166   	0          	0          	0          	0          	0          	0          	0          	0          	0.455676   	0.459793   	0.082643   	0.0827757  	0          	0          	0          	0          	0          	0          	0          	0          	1.87493	-nan	-nan	-0.000284812	0.000377521	0.999987   	0.883166   	0.455676   	0.459793   	0.082643   	0.0827757  	1.87493	
3.5e-11    	1.4        	3.32609e-05	-0.000265698	0.999983   	0.867803   	0          	0          	0          	0          	0          	0          	0          	0          	0.706226   	0.495213   	0.103917   	0.10407    	0          	0          	0          	0          	0          	0          	0          	0          	1.84065	-nan	-nan	3.32609e-05	-0.000265698	0.999983   	0.867803   	0.706226   	0.495213   	0.103917   	0.10407    	1.84065	
3.6e-11    	1.2        	-0.000565344	0.000178713	0.99998    	0.847588   	0          	0          	0          	0          	0          	0          	0          	0          	0.667761   	0.67204    	0.138692   	0.138579   	0          	0          	0          	0          	0          	0          	0          	0          	1.84199	-nan	-nan	-0.000565344	0.000178713	0.99998    	0.847588   	0.667761   	0.67204    	0.138692   	0.138579   	1.84199	
3.7e-11    	1          	0.00021867 	-0.000426429	0.999978   	0.819142   	0          	0          	0          	0          	0          	0          	0          	0          	0.675845   	0.705151   	0.266297   	0.265938   	0          	0          	0          	0          	0          	0          	0          	0          	2.48895	-nan	-nan	0.00021867 	-0.000426429	0.999978   	0.819142   	0.675845   	0.705151   	0.266297   	0.265938   	2.48895	
3.8e-11    	0.8        	9.14908e-06	0.000608125	0.99997    	0.776544   	0          	0          	0          	0          	0          	0          	0          	0          	0.834736   	0.821841   	0.438585   	0.438329   	0          	0          	0          	0          	0          	0          	0          	0          	2.68969	-nan	-nan	9.14908e-06	0.000608125	0.99997    	0.776544   	0.834736   	0.821841   	0.438585   	0.438329   	2.68969	
3.9e-11    	0.6        	-0.000118533	0.000544237	0.99996    	0.70599    	0          	0          	0          	0          	0          	0          	0          	0          	1.05364    	0.794897   	0.880654   	0.882283   	0          	0          	0          	0          	0          	0          	0          	0          	3.11404	-nan	-nan	-0.000118533	0.000544237	0.99996    	0.70599    	1.05364    	0.794897   	0.880654   	0.882283   	3.11404	
4e-11      	0.4        	0.00116829 	-0.000139037	0.99992    	0.577803   	0          	0          	0          	0          	0          	0          	0          	0          	1.17654    	1.26716    	1.77168    	1.77163    	0          	0          	0          	0          	0          	0          	0          	0          	2.8023	-nan	-nan	0.00116829 	-0.000139037	0.99992    	0.577803   	1.17654    	1.26716    	1.77168    	1.77163    	2.8023	
4.1e-11    	0.2        	-0.000146564	0.00126117 	0.99974    	0.345756   	0          	0          	0          	0          	0          	0          	0          	0          	1.45146    	1.3901     	3.25475    	3.25104    	0          	0          	0          	0          	0          	0          	0          	0          	1.39378	-nan	-nan	-0.000146564	0.00126117 	0.99974    	0.345756   	1.45146    	1.3901     	3.25475    	3.25104    	1.39378	
4.2e-11    	-0         	-0.000700883	-0.00517679	-0.0146934 	0.00978564 	0          	0          	0          	0          	0          	0          	0          	0          	1.50892    	1.50889    	3.23982    	1.84865    	0          	0          	0          	0          	0          	0          	0          	0          	0.0526374	-nan	-nan	-0.000700883	-0.00517679	-0.0146934 	0.00978564 	1.50892    	1.50889    	3.23982    	1.84865    	0.0526374	
