#----------------------------------------------------------------------------------------------------------------------------------------------------------
# Output file for vampire simulation
#   time       : 2025-10-19 19:38:22     process id : 80163
#   hostname   : 53a6091906e1
#   path       : /content/drive/MyDrive/Colab Notebooks/vampire phase diagram
#   version    : 7.0.0
#   githash    : 525bc27ee44c525aee229570f30f3d4c61d54f66
#----------------------------------------------------------------------------------------------------------------------------------------------------------
2e-12      	8          	-0.000117282	-9.27757e-05	0.999999   	0.990573   	0          	0          	0          	0          	0          	0          	0          	0          	0.150739   	0.147089   	276.419    	276.402    	0          	0          	0          	0          	0          	0          	0          	0          	607627	-nan	-nan	-0.000117282	-9.27757e-05	0.999999   	0.990573   	0.150739   	0.147089   	276.419    	276.402    	607627	
3e-12      	7.8        	3.41739e-06	1.98523e-05	0.999999   	0.994451   	0          	0          	0          	0          	0          	0          	0          	0          	0.118481   	0.14679    	0.000674056	0.000672435	0          	0          	0          	0          	0          	0          	0          	0          	1.45211	-nan	-nan	3.41739e-06	1.98523e-05	0.999999   	0.994451   	0.118481   	0.14679    	0.000674056	0.000672435	1.45211	
4e-12      	7.6        	3.95156e-05	-4.90859e-07	0.999999   	0.994305   	0          	0          	0          	0          	0          	0          	0          	0          	0.120731   	0.124809   	0.000659526	0.000659099	0          	0          	0          	0          	0          	0          	0          	0          	1.35098	-nan	-nan	3.95156e-05	-4.90859e-07	0.999999   	0.994305   	0.120731   	0.124809   	0.000659526	0.000659099	1.35098	
5e-12      	7.4        	3.03737e-05	-0.000174824	0.999999   	0.994162   	0          	0          	0          	0          	0          	0          	0          	0          	0.133524   	0.118826   	0.000726408	0.000726825	0          	0          	0          	0          	0          	0          	0          	0          	1.41301	-nan	-nan	3.03737e-05	-0.000174824	0.999999   	0.994162   	0.133524   	0.118826   	0.000726408	0.000726825	1.41301	
6e-12      	7.2        	-3.42e-05  	9.91051e-05	0.999999   	0.99399    	0          	0          	0          	0          	0          	0          	0          	0          	0.135065   	0.135202   	0.000757524	0.000755869	0          	0          	0          	0          	0          	0          	0          	0          	1.39728	-nan	-nan	-3.42e-05  	9.91051e-05	0.999999   	0.99399    	0.135065   	0.135202   	0.000757524	0.000755869	1.39728	
7e-12      	7          	-1.10799e-05	0.000140955	0.999999   	0.993844   	0          	0          	0          	0          	0          	0          	0          	0          	0.144702   	0.134571   	0.000906236	0.000906811	0          	0          	0          	0          	0          	0          	0          	0          	1.58297	-nan	-nan	-1.10799e-05	0.000140955	0.999999   	0.993844   	0.144702   	0.134571   	0.000906236	0.000906811	1.58297	
8e-12      	6.8        	1.27455e-05	0.00011449 	0.999999   	0.993645   	0          	0          	0          	0          	0          	0          	0          	0          	0.157381   	0.133443   	0.000906607	0.000905645	0          	0          	0          	0          	0          	0          	0          	0          	1.4973	-nan	-nan	1.27455e-05	0.00011449 	0.999999   	0.993645   	0.157381   	0.133443   	0.000906607	0.000905645	1.4973	
9e-12      	6.6        	6.15655e-05	6.75748e-06	0.999999   	0.993473   	0          	0          	0          	0          	0          	0          	0          	0          	0.141473   	0.160888   	0.000872204	0.000871144	0          	0          	0          	0          	0          	0          	0          	0          	1.35964	-nan	-nan	6.15655e-05	6.75748e-06	0.999999   	0.993473   	0.141473   	0.160888   	0.000872204	0.000871144	1.35964	
1e-11      	6.4        	0.000139729	0.000151791	0.999999   	0.99328    	0          	0          	0          	0          	0          	0          	0          	0          	0.133922   	0.155639   	0.00111977 	0.00111892 	0          	0          	0          	0          	0          	0          	0          	0          	1.64494	-nan	-nan	0.000139729	0.000151791	0.999999   	0.99328    	0.133922   	0.155639   	0.00111977 	0.00111892 	1.64494	
1.1e-11    	6.2        	0.000116555	-0.000121436	0.999999   	0.993058   	0          	0          	0          	0          	0          	0          	0          	0          	0.179145   	0.146377   	0.00115504 	0.0011546  	0          	0          	0          	0          	0          	0          	0          	0          	1.59587	-nan	-nan	0.000116555	-0.000121436	0.999999   	0.993058   	0.179145   	0.146377   	0.00115504 	0.0011546  	1.59587	
1.2e-11    	6          	5.1954e-05 	-3.2158e-05	0.999999   	0.992836   	0          	0          	0          	0          	0          	0          	0          	0          	0.153084   	0.141391   	0.00097756 	0.000977893	0          	0          	0          	0          	0          	0          	0          	0          	1.26825	-nan	-nan	5.1954e-05 	-3.2158e-05	0.999999   	0.992836   	0.153084   	0.141391   	0.00097756 	0.000977893	1.26825	
1.3e-11    	5.8        	0.000111335	8.44752e-05	0.999999   	0.992603   	0          	0          	0          	0          	0          	0          	0          	0          	0.170008   	0.141193   	0.00111919 	0.00112045 	0          	0          	0          	0          	0          	0          	0          	0          	1.36031	-nan	-nan	0.000111335	8.44752e-05	0.999999   	0.992603   	0.170008   	0.141193   	0.00111919 	0.00112045 	1.36031	
1.4e-11    	5.6        	8.27099e-05	2.21164e-05	0.999999   	0.992354   	0          	0          	0          	0          	0          	0          	0          	0          	0.155036   	0.154032   	0.00146012 	0.00146121 	0          	0          	0          	0          	0          	0          	0          	0          	1.65881	-nan	-nan	8.27099e-05	2.21164e-05	0.999999   	0.992354   	0.155036   	0.154032   	0.00146012 	0.00146121 	1.65881	
1.5e-11    	5.4        	-0.000101139	-4.11543e-05	0.999999   	0.992083   	0          	0          	0          	0          	0          	0          	0          	0          	0.176187   	0.149176   	0.00148719 	0.001486   	0          	0          	0          	0          	0          	0          	0          	0          	1.5758	-nan	-nan	-0.000101139	-4.11543e-05	0.999999   	0.992083   	0.176187   	0.149176   	0.00148719 	0.001486   	1.5758	
1.6e-11    	5.2        	9.5472e-05 	0.000151454	0.999999   	0.991778   	0          	0          	0          	0          	0          	0          	0          	0          	0.18023    	0.169649   	0.00151745 	0.00151905 	0          	0          	0          	0          	0          	0          	0          	0          	1.49584	-nan	-nan	9.5472e-05 	0.000151454	0.999999   	0.991778   	0.18023    	0.169649   	0.00151745 	0.00151905 	1.49584	
1.7e-11    	5          	-7.7023e-05	0.000176961	0.999999   	0.991463   	0          	0          	0          	0          	0          	0          	0          	0          	0.197665   	0.201067   	0.00176616 	0.00177014 	0          	0          	0          	0          	0          	0          	0          	0          	1.61514	-nan	-nan	-7.7023e-05	0.000176961	0.999999   	0.991463   	0.197665   	0.201067   	0.00176616 	0.00177014 	1.61514	
1.8e-11    	4.8        	-0.000163888	-0.000100169	0.999999   	0.991142   	0          	0          	0          	0          	0          	0          	0          	0          	0.170682   	0.170184   	0.00170596 	0.00170358 	0          	0          	0          	0          	0          	0          	0          	0          	1.44306	-nan	-nan	-0.000163888	-0.000100169	0.999999   	0.991142   	0.170682   	0.170184   	0.00170596 	0.00170358 	1.44306	
1.9e-11    	4.6        	2.98775e-05	-1.30855e-05	0.999999   	0.990761   	0          	0          	0          	0          	0          	0          	0          	0          	0.208762   	0.201813   	0.00218607 	0.00218367 	0          	0          	0          	0          	0          	0          	0          	0          	1.70502	-nan	-nan	2.98775e-05	-1.30855e-05	0.999999   	0.990761   	0.208762   	0.201813   	0.00218607 	0.00218367 	1.70502	
2e-11      	4.4        	-5.42249e-05	-7.85259e-06	0.999999   	0.990343   	0          	0          	0          	0          	0          	0          	0          	0          	0.242173   	0.197211   	0.00210359 	0.00210427 	0          	0          	0          	0          	0          	0          	0          	0          	1.50792	-nan	-nan	-5.42249e-05	-7.85259e-06	0.999999   	0.990343   	0.242173   	0.197211   	0.00210359 	0.00210427 	1.50792	
2.1e-11    	4.2        	-6.50925e-06	-4.55456e-05	0.999999   	0.989923   	0          	0          	0          	0          	0          	0          	0          	0          	0.236716   	0.239436   	0.00212727 	0.00212879 	0          	0          	0          	0          	0          	0          	0          	0          	1.39593	-nan	-nan	-6.50925e-06	-4.55456e-05	0.999999   	0.989923   	0.236716   	0.239436   	0.00212727 	0.00212879 	1.39593	
2.2e-11    	4          	-0.000146918	0.000101555	0.999999   	0.98948    	0          	0          	0          	0          	0          	0          	0          	0          	0.243279   	0.219957   	0.002478   	0.0024766  	0          	0          	0          	0          	0          	0          	0          	0          	1.48258	-nan	-nan	-0.000146918	0.000101555	0.999999   	0.98948    	0.243279   	0.219957   	0.002478   	0.0024766  	1.48258	
2.3e-11    	3.8        	0.000136085	-0.000169722	0.999999   	0.98893    	0          	0          	0          	0          	0          	0          	0          	0          	0.245573   	0.221345   	0.00302927 	0.00303004 	0          	0          	0          	0          	0          	0          	0          	0          	1.64511	-nan	-nan	0.000136085	-0.000169722	0.999999   	0.98893    	0.245573   	0.221345   	0.00302927 	0.00303004 	1.64511	
2.4e-11    	3.6        	3.27022e-05	4.67755e-05	0.999999   	0.98835    	0          	0          	0          	0          	0          	0          	0          	0          	0.224822   	0.229393   	0.00354011 	0.00354418 	0          	0          	0          	0          	0          	0          	0          	0          	1.73683	-nan	-nan	3.27022e-05	4.67755e-05	0.999999   	0.98835    	0.224822   	0.229393   	0.00354011 	0.00354418 	1.73683	
2.5e-11    	3.4        	8.85045e-05	-5.16967e-05	0.999999   	0.987719   	0          	0          	0          	0          	0          	0          	0          	0          	0.28345    	0.318913   	0.00277702 	0.00278033 	0          	0          	0          	0          	0          	0          	0          	0          	1.22365	-nan	-nan	8.85045e-05	-5.16967e-05	0.999999   	0.987719   	0.28345    	0.318913   	0.00277702 	0.00278033 	1.22365	
2.6e-11    	3.2        	-4.23109e-06	-3.41133e-05	0.999999   	0.987012   	0          	0          	0          	0          	0          	0          	0          	0          	0.291659   	0.262221   	0.00358269 	0.00358466 	0          	0          	0          	0          	0          	0          	0          	0          	1.4097	-nan	-nan	-4.23109e-06	-3.41133e-05	0.999999   	0.987012   	0.291659   	0.262221   	0.00358269 	0.00358466 	1.4097	
2.7e-11    	3          	-5.00637e-05	-6.17874e-05	0.999998   	0.986198   	0          	0          	0          	0          	0          	0          	0          	0          	0.284491   	0.367978   	0.00385974 	0.0038623  	0          	0          	0          	0          	0          	0          	0          	0          	1.34668	-nan	-nan	-5.00637e-05	-6.17874e-05	0.999998   	0.986198   	0.284491   	0.367978   	0.00385974 	0.0038623  	1.34668	
2.8e-11    	2.8        	0.000221584	-2.36236e-05	0.999999   	0.985302   	0          	0          	0          	0          	0          	0          	0          	0          	0.247172   	0.259435   	0.00623278 	0.00623667 	0          	0          	0          	0          	0          	0          	0          	0          	1.91373	-nan	-nan	0.000221584	-2.36236e-05	0.999999   	0.985302   	0.247172   	0.259435   	0.00623278 	0.00623667 	1.91373	
2.9e-11    	2.6        	-0.000138064	8.41755e-05	0.999999   	0.984279   	0          	0          	0          	0          	0          	0          	0          	0          	0.30639    	0.300721   	0.00677934 	0.00677194 	0          	0          	0          	0          	0          	0          	0          	0          	1.81513	-nan	-nan	-0.000138064	8.41755e-05	0.999999   	0.984279   	0.30639    	0.300721   	0.00677934 	0.00677194 	1.81513	
3e-11      	2.4        	-2.78993e-05	2.36881e-05	0.999998   	0.983057   	0          	0          	0          	0          	0          	0          	0          	0          	0.330384   	0.355914   	0.00611916 	0.00611802 	0          	0          	0          	0          	0          	0          	0          	0          	1.41468	-nan	-nan	-2.78993e-05	2.36881e-05	0.999998   	0.983057   	0.330384   	0.355914   	0.00611916 	0.00611802 	1.41468	
3.1e-11    	2.2        	3.13365e-05	0.000100708	0.999998   	0.981628   	0          	0          	0          	0          	0          	0          	0          	0          	0.419547   	0.500581   	0.00719844 	0.00720081 	0          	0          	0          	0          	0          	0          	0          	0          	1.41976	-nan	-nan	3.13365e-05	0.000100708	0.999998   	0.981628   	0.419547   	0.500581   	0.00719844 	0.00720081 	1.41976	
3.2e-11    	2          	3.53555e-05	-4.13734e-05	0.999998   	0.980019   	0          	0          	0          	0          	0          	0          	0          	0          	0.467985   	0.425872   	0.00987371 	0.00987418 	0          	0          	0          	0          	0          	0          	0          	0          	1.64079	-nan	-nan	3.53555e-05	-4.13734e-05	0.999998   	0.980019   	0.467985   	0.425872   	0.00987371 	0.00987418 	1.64079	
3.3e-11    	1.8        	5.15233e-05	-9.46093e-05	0.999998   	0.978027   	0          	0          	0          	0          	0          	0          	0          	0          	0.429849   	0.41876    	0.0119791  	0.0119738  	0          	0          	0          	0          	0          	0          	0          	0          	1.64853	-nan	-nan	5.15233e-05	-9.46093e-05	0.999998   	0.978027   	0.429849   	0.41876    	0.0119791  	0.0119738  	1.64853	
3.4e-11    	1.6        	8.72705e-05	-0.000238995	0.999997   	0.975622   	0          	0          	0          	0          	0          	0          	0          	0          	0.515341   	0.583891   	0.0161262  	0.016152   	0          	0          	0          	0          	0          	0          	0          	0          	1.79997	-nan	-nan	8.72705e-05	-0.000238995	0.999997   	0.975622   	0.515341   	0.583891   	0.0161262  	0.016152   	1.79997	
3.5e-11    	1.4        	9.51662e-05	-0.000115008	0.999997   	0.972585   	0          	0          	0          	0          	0          	0          	0          	0          	0.520557   	0.586574   	0.0192906  	0.019283   	0          	0          	0          	0          	0          	0          	0          	0          	1.70595	-nan	-nan	9.51662e-05	-0.000115008	0.999997   	0.972585   	0.520557   	0.586574   	0.0192906  	0.019283   	1.70595	
3.6e-11    	1.2        	1.83695e-05	5.49163e-05	0.999997   	0.968693   	0          	0          	0          	0          	0          	0          	0          	0          	0.675536   	0.656202   	0.0338748  	0.0338335  	0          	0          	0          	0          	0          	0          	0          	0          	2.29889	-nan	-nan	1.83695e-05	5.49163e-05	0.999997   	0.968693   	0.675536   	0.656202   	0.0338748  	0.0338335  	2.29889	
3.7e-11    	1          	-0.000270795	-0.000135672	0.999996   	0.963543   	0          	0          	0          	0          	0          	0          	0          	0          	0.728931   	0.811122   	0.0385069  	0.0384892  	0          	0          	0          	0          	0          	0          	0          	0          	1.92296	-nan	-nan	-0.000270795	-0.000135672	0.999996   	0.963543   	0.728931   	0.811122   	0.0385069  	0.0384892  	1.92296	
3.8e-11    	0.8        	0.000632139	0.000197606	0.999995   	0.956273   	0          	0          	0          	0          	0          	0          	0          	0          	0.959222   	0.980764   	0.0689585  	0.0689437  	0          	0          	0          	0          	0          	0          	0          	0          	2.3908	-nan	-nan	0.000632139	0.000197606	0.999995   	0.956273   	0.959222   	0.980764   	0.0689585  	0.0689437  	2.3908	
3.9e-11    	0.6        	0.000125639	-0.000158277	0.999994   	0.945252   	0          	0          	0          	0          	0          	0          	0          	0          	1.18947    	1.06099    	0.129598   	0.129685   	0          	0          	0          	0          	0          	0          	0          	0          	2.87078	-nan	-nan	0.000125639	-0.000158277	0.999994   	0.945252   	1.18947    	1.06099    	0.129598   	0.129685   	2.87078	
4e-11      	0.4        	6.57422e-05	0.000100755	0.999991   	0.926228   	0          	0          	0          	0          	0          	0          	0          	0          	1.5754     	1.63777    	0.290868   	0.290854   	0          	0          	0          	0          	0          	0          	0          	0          	3.55778	-nan	-nan	6.57422e-05	0.000100755	0.999991   	0.926228   	1.5754     	1.63777    	0.290868   	0.290854   	3.55778	
4.1e-11    	0.2        	-8.02427e-05	0.000182566	0.999985   	0.881338   	0          	0          	0          	0          	0          	0          	0          	0          	2.25187    	2.6849     	1.41038    	1.40997    	0          	0          	0          	0          	0          	0          	0          	0          	6.45363	-nan	-nan	-8.02427e-05	0.000182566	0.999985   	0.881338   	2.25187    	2.6849     	1.41038    	1.40997    	6.45363	
4.2e-11    	-0         	-0.0460416 	-0.0183026 	0.0595103  	0.0152317  	0          	0          	0          	0          	0          	0          	0          	0          	4.48831    	4.81497    	731.586    	700.49     	0          	0          	0          	0          	0          	0          	0          	0          	7.22576	-nan	-nan	-0.0460416 	-0.0183026 	0.0595103  	0.0152317  	4.48831    	4.81497    	731.586    	700.49     	7.22576	
