#----------------------------------------------------------------------------------------------------------------------------------------------------------
# Output file for vampire simulation
#   time       : 2025-10-19 19:45:47     process id : 81967
#   hostname   : 53a6091906e1
#   path       : /content/drive/MyDrive/Colab Notebooks/vampire phase diagram
#   version    : 7.0.0
#   githash    : 525bc27ee44c525aee229570f30f3d4c61d54f66
#----------------------------------------------------------------------------------------------------------------------------------------------------------
2e-12      	8          	-0.00042883	-0.000100143	0.999998   	0.983276   	0          	0          	0          	0          	0          	0          	0          	0          	0.146003   	0.115496   	127.237    	127.224    	0          	0          	0          	0          	0          	0          	0          	0          	120135	-nan	-nan	-0.00042883	-0.000100143	0.999998   	0.983276   	0.146003   	0.115496   	127.237    	127.224    	120135	
3e-12      	7.8        	0.000134948	8.87417e-05	0.999999   	0.987034   	0          	0          	0          	0          	0          	0          	0          	0          	0.128666   	0.119564   	0.00156852 	0.00157175 	0          	0          	0          	0          	0          	0          	0          	0          	1.44694	-nan	-nan	0.000134948	8.87417e-05	0.999999   	0.987034   	0.128666   	0.119564   	0.00156852 	0.00157175 	1.44694	
4e-12      	7.6        	0.000225611	-0.000100111	0.999999   	0.986706   	0          	0          	0          	0          	0          	0          	0          	0          	0.11908    	0.116321   	0.00175621 	0.00175352 	0          	0          	0          	0          	0          	0          	0          	0          	1.54025	-nan	-nan	0.000225611	-0.000100111	0.999999   	0.986706   	0.11908    	0.116321   	0.00175621 	0.00175352 	1.54025	
5e-12      	7.4        	0.000244005	-2.67314e-05	0.999999   	0.986351   	0          	0          	0          	0          	0          	0          	0          	0          	0.112208   	0.13906    	0.00153387 	0.00153478 	0          	0          	0          	0          	0          	0          	0          	0          	1.27752	-nan	-nan	0.000244005	-2.67314e-05	0.999999   	0.986351   	0.112208   	0.13906    	0.00153387 	0.00153478 	1.27752	
6e-12      	7.2        	6.09191e-05	-4.06631e-06	0.999999   	0.985998   	0          	0          	0          	0          	0          	0          	0          	0          	0.125774   	0.135811   	0.00169726 	0.00169738 	0          	0          	0          	0          	0          	0          	0          	0          	1.34037	-nan	-nan	6.09191e-05	-4.06631e-06	0.999999   	0.985998   	0.125774   	0.135811   	0.00169726 	0.00169738 	1.34037	
7e-12      	7          	8.93189e-05	-1.67641e-05	0.999998   	0.985611   	0          	0          	0          	0          	0          	0          	0          	0          	0.155233   	0.130462   	0.00179818 	0.00179741 	0          	0          	0          	0          	0          	0          	0          	0          	1.34469	-nan	-nan	8.93189e-05	-1.67641e-05	0.999998   	0.985611   	0.155233   	0.130462   	0.00179818 	0.00179741 	1.34469	
8e-12      	6.8        	0.000244951	0.000219535	0.999998   	0.98519    	0          	0          	0          	0          	0          	0          	0          	0          	0.137752   	0.151375   	0.00158003 	0.00158227 	0          	0          	0          	0          	0          	0          	0          	0          	1.11687	-nan	-nan	0.000244951	0.000219535	0.999998   	0.98519    	0.137752   	0.151375   	0.00158003 	0.00158227 	1.11687	
9e-12      	6.6        	5.56783e-05	0.000189717	0.999998   	0.984745   	0          	0          	0          	0          	0          	0          	0          	0          	0.161281   	0.162116   	0.0020265  	0.0020253  	0          	0          	0          	0          	0          	0          	0          	0          	1.35227	-nan	-nan	5.56783e-05	0.000189717	0.999998   	0.984745   	0.161281   	0.162116   	0.0020265  	0.0020253  	1.35227	
1e-11      	6.4        	5.26129e-05	-5.01407e-05	0.999998   	0.984287   	0          	0          	0          	0          	0          	0          	0          	0          	0.157641   	0.135214   	0.00244993 	0.00244847 	0          	0          	0          	0          	0          	0          	0          	0          	1.54031	-nan	-nan	5.26129e-05	-5.01407e-05	0.999998   	0.984287   	0.157641   	0.135214   	0.00244993 	0.00244847 	1.54031	
1.1e-11    	6.2        	1.73367e-05	-0.000114072	0.999998   	0.983774   	0          	0          	0          	0          	0          	0          	0          	0          	0.145342   	0.13994    	0.00258779 	0.0025879  	0          	0          	0          	0          	0          	0          	0          	0          	1.5302	-nan	-nan	1.73367e-05	-0.000114072	0.999998   	0.983774   	0.145342   	0.13994    	0.00258779 	0.0025879  	1.5302	
1.2e-11    	6          	-0.000142644	0.000119402	0.999998   	0.983286   	0          	0          	0          	0          	0          	0          	0          	0          	0.139901   	0.153117   	0.00277528 	0.00277379 	0          	0          	0          	0          	0          	0          	0          	0          	1.54054	-nan	-nan	-0.000142644	0.000119402	0.999998   	0.983286   	0.139901   	0.153117   	0.00277528 	0.00277379 	1.54054	
1.3e-11    	5.8        	-0.000126806	0.000110055	0.999998   	0.982743   	0          	0          	0          	0          	0          	0          	0          	0          	0.15851    	0.158951   	0.0025001  	0.00249707 	0          	0          	0          	0          	0          	0          	0          	0          	1.30005	-nan	-nan	-0.000126806	0.000110055	0.999998   	0.982743   	0.15851    	0.158951   	0.0025001  	0.00249707 	1.30005	
1.4e-11    	5.6        	0.000249291	-0.000107666	0.999998   	0.982149   	0          	0          	0          	0          	0          	0          	0          	0          	0.161056   	0.156834   	0.00297226 	0.00297348 	0          	0          	0          	0          	0          	0          	0          	0          	1.44464	-nan	-nan	0.000249291	-0.000107666	0.999998   	0.982149   	0.161056   	0.156834   	0.00297226 	0.00297348 	1.44464	
1.5e-11    	5.4        	-7.12798e-05	-0.000120461	0.999998   	0.981506   	0          	0          	0          	0          	0          	0          	0          	0          	0.193767   	0.182456   	0.00339476 	0.00339212 	0          	0          	0          	0          	0          	0          	0          	0          	1.53882	-nan	-nan	-7.12798e-05	-0.000120461	0.999998   	0.981506   	0.193767   	0.182456   	0.00339476 	0.00339212 	1.53882	
1.6e-11    	5.2        	7.23435e-05	5.11298e-05	0.999998   	0.980811   	0          	0          	0          	0          	0          	0          	0          	0          	0.148061   	0.182643   	0.00343211 	0.00344033 	0          	0          	0          	0          	0          	0          	0          	0          	1.44703	-nan	-nan	7.23435e-05	5.11298e-05	0.999998   	0.980811   	0.148061   	0.182643   	0.00343211 	0.00344033 	1.44703	
1.7e-11    	5          	2.41751e-06	-0.000221313	0.999998   	0.980124   	0          	0          	0          	0          	0          	0          	0          	0          	0.204552   	0.131619   	0.00382466 	0.00381737 	0          	0          	0          	0          	0          	0          	0          	0          	1.49564	-nan	-nan	2.41751e-06	-0.000221313	0.999998   	0.980124   	0.204552   	0.131619   	0.00382466 	0.00381737 	1.49564	
1.8e-11    	4.8        	-0.000330624	-0.000160957	0.999998   	0.97929    	0          	0          	0          	0          	0          	0          	0          	0          	0.192871   	0.209079   	0.00407017 	0.00407066 	0          	0          	0          	0          	0          	0          	0          	0          	1.47262	-nan	-nan	-0.000330624	-0.000160957	0.999998   	0.97929    	0.192871   	0.209079   	0.00407017 	0.00407066 	1.47262	
1.9e-11    	4.6        	-1.2565e-05	-4.20726e-05	0.999998   	0.978425   	0          	0          	0          	0          	0          	0          	0          	0          	0.198797   	0.161459   	0.00428339 	0.00428278 	0          	0          	0          	0          	0          	0          	0          	0          	1.42845	-nan	-nan	-1.2565e-05	-4.20726e-05	0.999998   	0.978425   	0.198797   	0.161459   	0.00428339 	0.00428278 	1.42845	
2e-11      	4.4        	-4.22861e-06	-5.05642e-05	0.999997   	0.977488   	0          	0          	0          	0          	0          	0          	0          	0          	0.233828   	0.211367   	0.00496546 	0.00495705 	0          	0          	0          	0          	0          	0          	0          	0          	1.52089	-nan	-nan	-4.22861e-06	-5.05642e-05	0.999997   	0.977488   	0.233828   	0.211367   	0.00496546 	0.00495705 	1.52089	
2.1e-11    	4.2        	0.000274713	-0.000275776	0.999997   	0.976488   	0          	0          	0          	0          	0          	0          	0          	0          	0.221191   	0.233285   	0.0046854  	0.00467908 	0          	0          	0          	0          	0          	0          	0          	0          	1.31433	-nan	-nan	0.000274713	-0.000275776	0.999997   	0.976488   	0.221191   	0.233285   	0.0046854  	0.00467908 	1.31433	
2.2e-11    	4          	1.33622e-05	-9.17245e-05	0.999997   	0.975372   	0          	0          	0          	0          	0          	0          	0          	0          	0.261544   	0.255312   	0.00654358 	0.00654232 	0          	0          	0          	0          	0          	0          	0          	0          	1.67204	-nan	-nan	1.33622e-05	-9.17245e-05	0.999997   	0.975372   	0.261544   	0.255312   	0.00654358 	0.00654232 	1.67204	
2.3e-11    	3.8        	3.76325e-05	1.06193e-05	0.999997   	0.97415    	0          	0          	0          	0          	0          	0          	0          	0          	0.240058   	0.276243   	0.00642817 	0.00643248 	0          	0          	0          	0          	0          	0          	0          	0          	1.4907	-nan	-nan	3.76325e-05	1.06193e-05	0.999997   	0.97415    	0.240058   	0.276243   	0.00642817 	0.00643248 	1.4907	
2.4e-11    	3.6        	-2.29352e-06	-0.000113035	0.999997   	0.972847   	0          	0          	0          	0          	0          	0          	0          	0          	0.271098   	0.283761   	0.0080173  	0.00800098 	0          	0          	0          	0          	0          	0          	0          	0          	1.67891	-nan	-nan	-2.29352e-06	-0.000113035	0.999997   	0.972847   	0.271098   	0.283761   	0.0080173  	0.00800098 	1.67891	
2.5e-11    	3.4        	-1.93848e-05	8.22258e-05	0.999997   	0.971256   	0          	0          	0          	0          	0          	0          	0          	0          	0.262657   	0.292121   	0.00719867 	0.00720309 	0          	0          	0          	0          	0          	0          	0          	0          	1.35354	-nan	-nan	-1.93848e-05	8.22258e-05	0.999997   	0.971256   	0.262657   	0.292121   	0.00719867 	0.00720309 	1.35354	
2.6e-11    	3.2        	-0.000436525	-1.41709e-05	0.999997   	0.969622   	0          	0          	0          	0          	0          	0          	0          	0          	0.27212    	0.269839   	0.00972868 	0.00974274 	0          	0          	0          	0          	0          	0          	0          	0          	1.63231	-nan	-nan	-0.000436525	-1.41709e-05	0.999997   	0.969622   	0.27212    	0.269839   	0.00972868 	0.00974274 	1.63231	
2.7e-11    	3          	-0.000164721	8.74338e-05	0.999996   	0.967669   	0          	0          	0          	0          	0          	0          	0          	0          	0.302395   	0.305364   	0.010911   	0.0109013  	0          	0          	0          	0          	0          	0          	0          	0          	1.62283	-nan	-nan	-0.000164721	8.74338e-05	0.999996   	0.967669   	0.302395   	0.305364   	0.010911   	0.0109013  	1.62283	
2.8e-11    	2.8        	0.000163307	0.000207034	0.999996   	0.965512   	0          	0          	0          	0          	0          	0          	0          	0          	0.340878   	0.368203   	0.0125542  	0.0125661  	0          	0          	0          	0          	0          	0          	0          	0          	1.64052	-nan	-nan	0.000163307	0.000207034	0.999996   	0.965512   	0.340878   	0.368203   	0.0125542  	0.0125661  	1.64052	
2.9e-11    	2.6        	0.000422093	-1.34534e-06	0.999996   	0.963117   	0          	0          	0          	0          	0          	0          	0          	0          	0.323983   	0.27239    	0.0143469  	0.0143494  	0          	0          	0          	0          	0          	0          	0          	0          	1.63388	-nan	-nan	0.000422093	-1.34534e-06	0.999996   	0.963117   	0.323983   	0.27239    	0.0143469  	0.0143494  	1.63388	
3e-11      	2.4        	-0.000123789	-0.000119498	0.999996   	0.960313   	0          	0          	0          	0          	0          	0          	0          	0          	0.288381   	0.306687   	0.0189313  	0.0189049  	0          	0          	0          	0          	0          	0          	0          	0          	1.86017	-nan	-nan	-0.000123789	-0.000119498	0.999996   	0.960313   	0.288381   	0.306687   	0.0189313  	0.0189049  	1.86017	
3.1e-11    	2.2        	-0.000407133	-0.000105861	0.999996   	0.956931   	0          	0          	0          	0          	0          	0          	0          	0          	0.335172   	0.384227   	0.0195976  	0.0196027  	0          	0          	0          	0          	0          	0          	0          	0          	1.64036	-nan	-nan	-0.000407133	-0.000105861	0.999996   	0.956931   	0.335172   	0.384227   	0.0195976  	0.0196027  	1.64036	
3.2e-11    	2          	-0.000119157	1.36738e-05	0.999994   	0.953086   	0          	0          	0          	0          	0          	0          	0          	0          	0.476696   	0.455877   	0.0268584  	0.0268677  	0          	0          	0          	0          	0          	0          	0          	0          	1.8913	-nan	-nan	-0.000119157	1.36738e-05	0.999994   	0.953086   	0.476696   	0.455877   	0.0268584  	0.0268677  	1.8913	
3.3e-11    	1.8        	0.000192644	0.000197982	0.999995   	0.948429   	0          	0          	0          	0          	0          	0          	0          	0          	0.477695   	0.395098   	0.0298705  	0.0298492  	0          	0          	0          	0          	0          	0          	0          	0          	1.73671	-nan	-nan	0.000192644	0.000197982	0.999995   	0.948429   	0.477695   	0.395098   	0.0298705  	0.0298492  	1.73671	
3.4e-11    	1.6        	0.000353252	-0.00022741	0.999994   	0.942411   	0          	0          	0          	0          	0          	0          	0          	0          	0.524785   	0.486532   	0.0360428  	0.036027   	0          	0          	0          	0          	0          	0          	0          	0          	1.69502	-nan	-nan	0.000353252	-0.00022741	0.999994   	0.942411   	0.524785   	0.486532   	0.0360428  	0.036027   	1.69502	
3.5e-11    	1.4        	-0.000231184	-5.39812e-05	0.999993   	0.935323   	0          	0          	0          	0          	0          	0          	0          	0          	0.552208   	0.579612   	0.0483912  	0.0483922  	0          	0          	0          	0          	0          	0          	0          	0          	1.79238	-nan	-nan	-0.000231184	-5.39812e-05	0.999993   	0.935323   	0.552208   	0.579612   	0.0483912  	0.0483922  	1.79238	
3.6e-11    	1.2        	-0.000331887	0.000238546	0.999992   	0.925861   	0          	0          	0          	0          	0          	0          	0          	0          	0.598451   	0.667422   	0.0676308  	0.0675072  	0          	0          	0          	0          	0          	0          	0          	0          	1.90687	-nan	-nan	-0.000331887	0.000238546	0.999992   	0.925861   	0.598451   	0.667422   	0.0676308  	0.0675072  	1.90687	
3.7e-11    	1          	0.000184751	-0.000471494	0.99999    	0.913084   	0          	0          	0          	0          	0          	0          	0          	0          	0.719336   	0.838694   	0.0986987  	0.0987941  	0          	0          	0          	0          	0          	0          	0          	0          	2.02864	-nan	-nan	0.000184751	-0.000471494	0.99999    	0.913084   	0.719336   	0.838694   	0.0986987  	0.0987941  	2.02864	
3.8e-11    	0.8        	-0.000251817	-0.000278917	0.999988   	0.894734   	0          	0          	0          	0          	0          	0          	0          	0          	0.881277   	0.860143   	0.157752   	0.157883   	0          	0          	0          	0          	0          	0          	0          	0          	2.2074	-nan	-nan	-0.000251817	-0.000278917	0.999988   	0.894734   	0.881277   	0.860143   	0.157752   	0.157883   	2.2074	
3.9e-11    	0.6        	0.000372282	0.000204735	0.999984   	0.865367   	0          	0          	0          	0          	0          	0          	0          	0          	1.25936    	0.998419   	0.368709   	0.368857   	0          	0          	0          	0          	0          	0          	0          	0          	3.11747	-nan	-nan	0.000372282	0.000204735	0.999984   	0.865367   	1.25936    	0.998419   	0.368709   	0.368857   	3.11747	
4e-11      	0.4        	6.93895e-05	-0.00058583	0.999977   	0.807625   	0          	0          	0          	0          	0          	0          	0          	0          	1.42273    	1.37789    	1.09783    	1.09857    	0          	0          	0          	0          	0          	0          	0          	0          	4.49662	-nan	-nan	6.93895e-05	-0.00058583	0.999977   	0.807625   	1.42273    	1.37789    	1.09783    	1.09857    	4.49662	
4.1e-11    	0.2        	-0.000779469	-2.76027e-05	0.999938   	0.630084   	0          	0          	0          	0          	0          	0          	0          	0          	2.12212    	2.37702    	7.93812    	7.936      	0          	0          	0          	0          	0          	0          	0          	0          	8.65919	-nan	-nan	-0.000779469	-2.76027e-05	0.999938   	0.630084   	2.12212    	2.37702    	7.93812    	7.936      	8.65919	
4.2e-11    	-0         	-0.0463181 	-0.0278878 	0.0109439  	0.0104164  	0          	0          	0          	0          	0          	0          	0          	0          	2.94384    	2.78684    	30.8799    	26.7331    	0          	0          	0          	0          	0          	0          	0          	0          	0.34755	-nan	-nan	-0.0463181 	-0.0278878 	0.0109439  	0.0104164  	2.94384    	2.78684    	30.8799    	26.7331    	0.34755	
