#----------------------------------------------------------------------------------------------------------------------------------------------------------
# Output file for vampire simulation
#   time       : 2025-10-19 20:27:12     process id : 92093
#   hostname   : 53a6091906e1
#   path       : /content/drive/MyDrive/Colab Notebooks/vampire phase diagram
#   version    : 7.0.0
#   githash    : 525bc27ee44c525aee229570f30f3d4c61d54f66
#----------------------------------------------------------------------------------------------------------------------------------------------------------
2e-12      	8          	-0.0002077 	-1.65605e-05	0.999992   	0.942003   	0          	0          	0          	0          	0          	0          	0          	0          	0.147432   	0.129533   	26.5912    	26.5816    	0          	0          	0          	0          	0          	0          	0          	0          	5846.54	-nan	-nan	-0.0002077 	-1.65605e-05	0.999992   	0.942003   	0.147432   	0.129533   	26.5912    	26.5816    	5846.54	
3e-12      	7.8        	0.00040646 	5.52818e-05	0.999994   	0.944248   	0          	0          	0          	0          	0          	0          	0          	0          	0.113572   	0.0978586  	0.00583284 	0.00583764 	0          	0          	0          	0          	0          	0          	0          	0          	1.24909	-nan	-nan	0.00040646 	5.52818e-05	0.999994   	0.944248   	0.113572   	0.0978586  	0.00583284 	0.00583764 	1.24909	
4e-12      	7.6        	-0.000473155	0.00011037 	0.999994   	0.94288    	0          	0          	0          	0          	0          	0          	0          	0          	0.113405   	0.117858   	0.00728676 	0.00727778 	0          	0          	0          	0          	0          	0          	0          	0          	1.48296	-nan	-nan	-0.000473155	0.00011037 	0.999994   	0.94288    	0.113405   	0.117858   	0.00728676 	0.00727778 	1.48296	
5e-12      	7.4        	-0.000173972	1.41916e-05	0.999994   	0.941326   	0          	0          	0          	0          	0          	0          	0          	0          	0.120741   	0.113812   	0.00734251 	0.00733787 	0          	0          	0          	0          	0          	0          	0          	0          	1.41909	-nan	-nan	-0.000173972	1.41916e-05	0.999994   	0.941326   	0.120741   	0.113812   	0.00734251 	0.00733787 	1.41909	
6e-12      	7.2        	-0.000317327	9.98004e-05	0.999994   	0.939749   	0          	0          	0          	0          	0          	0          	0          	0          	0.116013   	0.117296   	0.00781309 	0.00780754 	0          	0          	0          	0          	0          	0          	0          	0          	1.43086	-nan	-nan	-0.000317327	9.98004e-05	0.999994   	0.939749   	0.116013   	0.117296   	0.00781309 	0.00780754 	1.43086	
7e-12      	7          	-5.92635e-05	0.000357397	0.999994   	0.938103   	0          	0          	0          	0          	0          	0          	0          	0          	0.102785   	0.106395   	0.00909532 	0.00909944 	0          	0          	0          	0          	0          	0          	0          	0          	1.57665	-nan	-nan	-5.92635e-05	0.000357397	0.999994   	0.938103   	0.102785   	0.106395   	0.00909532 	0.00909944 	1.57665	
8e-12      	6.8        	0.000219004	-4.42887e-06	0.999994   	0.936277   	0          	0          	0          	0          	0          	0          	0          	0          	0.127459   	0.108308   	0.00828178 	0.00826285 	0          	0          	0          	0          	0          	0          	0          	0          	1.35743	-nan	-nan	0.000219004	-4.42887e-06	0.999994   	0.936277   	0.127459   	0.108308   	0.00828178 	0.00826285 	1.35743	
9e-12      	6.6        	0.000307032	7.67736e-05	0.999993   	0.934451   	0          	0          	0          	0          	0          	0          	0          	0          	0.120624   	0.137364   	0.00936442 	0.00936716 	0          	0          	0          	0          	0          	0          	0          	0          	1.44814	-nan	-nan	0.000307032	7.67736e-05	0.999993   	0.934451   	0.120624   	0.137364   	0.00936442 	0.00936716 	1.44814	
1e-11      	6.4        	0.000252361	0.000102065	0.999993   	0.932496   	0          	0          	0          	0          	0          	0          	0          	0          	0.125858   	0.122522   	0.00986181 	0.00986812 	0          	0          	0          	0          	0          	0          	0          	0          	1.43532	-nan	-nan	0.000252361	0.000102065	0.999993   	0.932496   	0.125858   	0.122522   	0.00986181 	0.00986812 	1.43532	
1.1e-11    	6.2        	9.13666e-05	0.000186248	0.999992   	0.930364   	0          	0          	0          	0          	0          	0          	0          	0          	0.134354   	0.154303   	0.013169   	0.0131606  	0          	0          	0          	0          	0          	0          	0          	0          	1.8011	-nan	-nan	9.13666e-05	0.000186248	0.999992   	0.930364   	0.134354   	0.154303   	0.013169   	0.0131606  	1.8011	
1.2e-11    	6          	5.06119e-05	0.000308311	0.999992   	0.928089   	0          	0          	0          	0          	0          	0          	0          	0          	0.136875   	0.16693    	0.0112976  	0.0113268  	0          	0          	0          	0          	0          	0          	0          	0          	1.45118	-nan	-nan	5.06119e-05	0.000308311	0.999992   	0.928089   	0.136875   	0.16693    	0.0112976  	0.0113268  	1.45118	
1.3e-11    	5.8        	-0.000534991	0.000345163	0.999992   	0.925689   	0          	0          	0          	0          	0          	0          	0          	0          	0.132125   	0.170035   	0.0110152  	0.0110403  	0          	0          	0          	0          	0          	0          	0          	0          	1.32324	-nan	-nan	-0.000534991	0.000345163	0.999992   	0.925689   	0.132125   	0.170035   	0.0110152  	0.0110403  	1.32324	
1.4e-11    	5.6        	0.000266435	-0.000248213	0.999991   	0.92318    	0          	0          	0          	0          	0          	0          	0          	0          	0.159258   	0.159673   	0.0145004  	0.0144907  	0          	0          	0          	0          	0          	0          	0          	0          	1.628	-nan	-nan	0.000266435	-0.000248213	0.999991   	0.92318    	0.159258   	0.159673   	0.0145004  	0.0144907  	1.628	
1.5e-11    	5.4        	-0.000227949	-3.51413e-05	0.99999    	0.920324   	0          	0          	0          	0          	0          	0          	0          	0          	0.18344    	0.170863   	0.0136739  	0.0136607  	0          	0          	0          	0          	0          	0          	0          	0          	1.43174	-nan	-nan	-0.000227949	-3.51413e-05	0.99999    	0.920324   	0.18344    	0.170863   	0.0136739  	0.0136607  	1.43174	
1.6e-11    	5.2        	-0.000184716	0.000215881	0.99999    	0.917272   	0          	0          	0          	0          	0          	0          	0          	0          	0.173583   	0.197935   	0.0132821  	0.0132659  	0          	0          	0          	0          	0          	0          	0          	0          	1.29184	-nan	-nan	-0.000184716	0.000215881	0.99999    	0.917272   	0.173583   	0.197935   	0.0132821  	0.0132659  	1.29184	
1.7e-11    	5          	0.000306761	-0.000145626	0.999991   	0.914066   	0          	0          	0          	0          	0          	0          	0          	0          	0.179634   	0.144036   	0.0175806  	0.0175603  	0          	0          	0          	0          	0          	0          	0          	0          	1.58389	-nan	-nan	0.000306761	-0.000145626	0.999991   	0.914066   	0.179634   	0.144036   	0.0175806  	0.0175603  	1.58389	
1.8e-11    	4.8        	-0.000638189	-0.000169724	0.99999    	0.910695   	0          	0          	0          	0          	0          	0          	0          	0          	0.192346   	0.157247   	0.0159623  	0.0159811  	0          	0          	0          	0          	0          	0          	0          	0          	1.32938	-nan	-nan	-0.000638189	-0.000169724	0.99999    	0.910695   	0.192346   	0.157247   	0.0159623  	0.0159811  	1.32938	
1.9e-11    	4.6        	0.000412273	5.75846e-06	0.999989   	0.906901   	0          	0          	0          	0          	0          	0          	0          	0          	0.213278   	0.1888     	0.0210009  	0.0210157  	0          	0          	0          	0          	0          	0          	0          	0          	1.61054	-nan	-nan	0.000412273	5.75846e-06	0.999989   	0.906901   	0.213278   	0.1888     	0.0210009  	0.0210157  	1.61054	
2e-11      	4.4        	-0.00051203	0.000350992	0.999987   	0.902698   	0          	0          	0          	0          	0          	0          	0          	0          	0.233923   	0.201328   	0.0220137  	0.0219871  	0          	0          	0          	0          	0          	0          	0          	0          	1.5474	-nan	-nan	-0.00051203	0.000350992	0.999987   	0.902698   	0.233923   	0.201328   	0.0220137  	0.0219871  	1.5474	
2.1e-11    	4.2        	0.000322664	0.000332657	0.999988   	0.898158   	0          	0          	0          	0          	0          	0          	0          	0          	0.21621    	0.184862   	0.0217628  	0.0217766  	0          	0          	0          	0          	0          	0          	0          	0          	1.40121	-nan	-nan	0.000322664	0.000332657	0.999988   	0.898158   	0.21621    	0.184862   	0.0217628  	0.0217766  	1.40121	
2.2e-11    	4          	0.00012455 	-0.000289904	0.999987   	0.893512   	0          	0          	0          	0          	0          	0          	0          	0          	0.239255   	0.213349   	0.0231784  	0.0232118  	0          	0          	0          	0          	0          	0          	0          	0          	1.35307	-nan	-nan	0.00012455 	-0.000289904	0.999987   	0.893512   	0.239255   	0.213349   	0.0231784  	0.0232118  	1.35307	
2.3e-11    	3.8        	-0.000343197	-2.08511e-05	0.999988   	0.888088   	0          	0          	0          	0          	0          	0          	0          	0          	0.195092   	0.221671   	0.0292512  	0.0292069  	0          	0          	0          	0          	0          	0          	0          	0          	1.55093	-nan	-nan	-0.000343197	-2.08511e-05	0.999988   	0.888088   	0.195092   	0.221671   	0.0292512  	0.0292069  	1.55093	
2.4e-11    	3.6        	-0.000406451	-0.00016694	0.999986   	0.88198    	0          	0          	0          	0          	0          	0          	0          	0          	0.214832   	0.266593   	0.0321479  	0.0321966  	0          	0          	0          	0          	0          	0          	0          	0          	1.53558	-nan	-nan	-0.000406451	-0.00016694	0.999986   	0.88198    	0.214832   	0.266593   	0.0321479  	0.0321966  	1.53558	
2.5e-11    	3.4        	-0.000254479	0.000234137	0.999986   	0.875366   	0          	0          	0          	0          	0          	0          	0          	0          	0.241378   	0.228664   	0.0424999  	0.0425185  	0          	0          	0          	0          	0          	0          	0          	0          	1.81296	-nan	-nan	-0.000254479	0.000234137	0.999986   	0.875366   	0.241378   	0.228664   	0.0424999  	0.0425185  	1.81296	
2.6e-11    	3.2        	-0.00082564	5.85556e-05	0.999984   	0.867704   	0          	0          	0          	0          	0          	0          	0          	0          	0.249184   	0.241992   	0.047741   	0.0477729  	0          	0          	0          	0          	0          	0          	0          	0          	1.81093	-nan	-nan	-0.00082564	5.85556e-05	0.999984   	0.867704   	0.249184   	0.241992   	0.047741   	0.0477729  	1.81093	
2.7e-11    	3          	-2.62723e-05	0.000778235	0.999983   	0.859241   	0          	0          	0          	0          	0          	0          	0          	0          	0.306846   	0.213197   	0.0508697  	0.050875   	0          	0          	0          	0          	0          	0          	0          	0          	1.70766	-nan	-nan	-2.62723e-05	0.000778235	0.999983   	0.859241   	0.306846   	0.213197   	0.0508697  	0.050875   	1.70766	
2.8e-11    	2.8        	8.51801e-05	0.000183978	0.999981   	0.849555   	0          	0          	0          	0          	0          	0          	0          	0          	0.273431   	0.301397   	0.0450658  	0.0450002  	0          	0          	0          	0          	0          	0          	0          	0          	1.32127	-nan	-nan	8.51801e-05	0.000183978	0.999981   	0.849555   	0.273431   	0.301397   	0.0450658  	0.0450002  	1.32127	
2.9e-11    	2.6        	-0.000564201	-0.000703873	0.999977   	0.838386   	0          	0          	0          	0          	0          	0          	0          	0          	0.353521   	0.327949   	0.0644529  	0.0644386  	0          	0          	0          	0          	0          	0          	0          	0          	1.63641	-nan	-nan	-0.000564201	-0.000703873	0.999977   	0.838386   	0.353521   	0.327949   	0.0644529  	0.0644386  	1.63641	
3e-11      	2.4        	0.00020001 	-0.000374276	0.999978   	0.825168   	0          	0          	0          	0          	0          	0          	0          	0          	0.328866   	0.312215   	0.0819328  	0.0818941  	0          	0          	0          	0          	0          	0          	0          	0          	1.78162	-nan	-nan	0.00020001 	-0.000374276	0.999978   	0.825168   	0.328866   	0.312215   	0.0819328  	0.0818941  	1.78162	
3.1e-11    	2.2        	-0.000219032	-0.000279585	0.999976   	0.810242   	0          	0          	0          	0          	0          	0          	0          	0          	0.338022   	0.325459   	0.0859944  	0.0860257  	0          	0          	0          	0          	0          	0          	0          	0          	1.58028	-nan	-nan	-0.000219032	-0.000279585	0.999976   	0.810242   	0.338022   	0.325459   	0.0859944  	0.0860257  	1.58028	
3.2e-11    	2          	0.000156016	-0.00023313	0.999973   	0.791533   	0          	0          	0          	0          	0          	0          	0          	0          	0.352417   	0.366885   	0.124718   	0.124774   	0          	0          	0          	0          	0          	0          	0          	0          	1.90517	-nan	-nan	0.000156016	-0.00023313	0.999973   	0.791533   	0.352417   	0.366885   	0.124718   	0.124774   	1.90517	
3.3e-11    	1.8        	8.79322e-05	0.000312248	0.99997    	0.769112   	0          	0          	0          	0          	0          	0          	0          	0          	0.418226   	0.335432   	0.13327    	0.132957   	0          	0          	0          	0          	0          	0          	0          	0          	1.64844	-nan	-nan	8.79322e-05	0.000312248	0.99997    	0.769112   	0.418226   	0.335432   	0.13327    	0.132957   	1.64844	
3.4e-11    	1.6        	0.000606548	0.000455333	0.999966   	0.741208   	0          	0          	0          	0          	0          	0          	0          	0          	0.360791   	0.424668   	0.181466   	0.181307   	0          	0          	0          	0          	0          	0          	0          	0          	1.7837	-nan	-nan	0.000606548	0.000455333	0.999966   	0.741208   	0.360791   	0.424668   	0.181466   	0.181307   	1.7837	
3.5e-11    	1.4        	0.00025344 	-0.000120422	0.999957   	0.706085   	0          	0          	0          	0          	0          	0          	0          	0          	0.471229   	0.444561   	0.205607   	0.20553    	0          	0          	0          	0          	0          	0          	0          	0          	1.56069	-nan	-nan	0.00025344 	-0.000120422	0.999957   	0.706085   	0.471229   	0.444561   	0.205607   	0.20553    	1.56069	
3.6e-11    	1.2        	-0.000339837	0.000331898	0.999948   	0.660593   	0          	0          	0          	0          	0          	0          	0          	0          	0.519156   	0.447764   	0.334263   	0.334742   	0          	0          	0          	0          	0          	0          	0          	0          	1.87725	-nan	-nan	-0.000339837	0.000331898	0.999948   	0.660593   	0.519156   	0.447764   	0.334263   	0.334742   	1.87725	
3.7e-11    	1          	-0.000222655	0.000340755	0.999929   	0.601144   	0          	0          	0          	0          	0          	0          	0          	0          	0.525512   	0.584703   	0.421618   	0.422524   	0          	0          	0          	0          	0          	0          	0          	0          	1.6403	-nan	-nan	-0.000222655	0.000340755	0.999929   	0.601144   	0.525512   	0.584703   	0.421618   	0.422524   	1.6403	
3.8e-11    	0.8        	4.40429e-06	0.000736749	0.999895   	0.524887   	0          	0          	0          	0          	0          	0          	0          	0          	0.631336   	0.604158   	0.657635   	0.657955   	0          	0          	0          	0          	0          	0          	0          	0          	1.65079	-nan	-nan	4.40429e-06	0.000736749	0.999895   	0.524887   	0.631336   	0.604158   	0.657635   	0.657955   	1.65079	
3.9e-11    	0.6        	0.00152509 	-0.000639345	0.999844   	0.425064   	0          	0          	0          	0          	0          	0          	0          	0          	0.619428   	0.578923   	0.658403   	0.658284   	0          	0          	0          	0          	0          	0          	0          	0          	0.929875	-nan	-nan	0.00152509 	-0.000639345	0.999844   	0.425064   	0.619428   	0.578923   	0.658403   	0.658284   	0.929875	
4e-11      	0.4        	0.00103033 	6.37711e-05	0.99966    	0.303082   	0          	0          	0          	0          	0          	0          	0          	0          	0.637831   	0.703279   	0.810588   	0.810868   	0          	0          	0          	0          	0          	0          	0          	0          	0.506712	-nan	-nan	0.00103033 	6.37711e-05	0.99966    	0.303082   	0.637831   	0.703279   	0.810588   	0.810868   	0.506712	
4.1e-11    	0.2        	0.00164985 	0.000302215	0.998679   	0.158238   	0          	0          	0          	0          	0          	0          	0          	0          	0.698468   	0.715291   	0.957203   	0.954794   	0          	0          	0          	0          	0          	0          	0          	0          	0.157521	-nan	-nan	0.00164985 	0.000302215	0.998679   	0.158238   	0.698468   	0.715291   	0.957203   	0.954794   	0.157521	
4.2e-11    	-0         	-0.0108752 	-0.0192765 	0.0130276  	0.00949601 	0          	0          	0          	0          	0          	0          	0          	0          	0.703128   	0.696546   	0.924923   	0.387787   	0          	0          	0          	0          	0          	0          	0          	0          	0.00983046	-nan	-nan	-0.0108752 	-0.0192765 	0.0130276  	0.00949601 	0.703128   	0.696546   	0.924923   	0.387787   	0.00983046	
