#----------------------------------------------------------------------------------------------------------------------------------------------------------
# Output file for vampire simulation
#   time       : 2025-10-19 20:09:14     process id : 87702
#   hostname   : 53a6091906e1
#   path       : /content/drive/MyDrive/Colab Notebooks/vampire phase diagram
#   version    : 7.0.0
#   githash    : 525bc27ee44c525aee229570f30f3d4c61d54f66
#----------------------------------------------------------------------------------------------------------------------------------------------------------
2e-12      	8          	-0.000378957	-0.000116426	0.999995   	0.959977   	0          	0          	0          	0          	0          	0          	0          	0          	0.145689   	0.120399   	42.7732    	42.7708    	0          	0          	0          	0          	0          	0          	0          	0          	14123.8	-nan	-nan	-0.000378957	-0.000116426	0.999995   	0.959977   	0.145689   	0.120399   	42.7732    	42.7708    	14123.8	
3e-12      	7.8        	3.73321e-05	-2.01524e-05	0.999995   	0.962901   	0          	0          	0          	0          	0          	0          	0          	0          	0.125157   	0.162191   	0.00389314 	0.00390448 	0          	0          	0          	0          	0          	0          	0          	0          	1.2531	-nan	-nan	3.73321e-05	-2.01524e-05	0.999995   	0.962901   	0.125157   	0.162191   	0.00389314 	0.00390448 	1.2531	
4e-12      	7.6        	7.99423e-05	8.28875e-05	0.999996   	0.961916   	0          	0          	0          	0          	0          	0          	0          	0          	0.141186   	0.113941   	0.00540361 	0.00541637 	0          	0          	0          	0          	0          	0          	0          	0          	1.6537	-nan	-nan	7.99423e-05	8.28875e-05	0.999996   	0.961916   	0.141186   	0.113941   	0.00540361 	0.00541637 	1.6537	
5e-12      	7.4        	-0.00061028	-5.4424e-05	0.999996   	0.960972   	0          	0          	0          	0          	0          	0          	0          	0          	0.124751   	0.11553    	0.00534957 	0.00534102 	0          	0          	0          	0          	0          	0          	0          	0          	1.55409	-nan	-nan	-0.00061028	-5.4424e-05	0.999996   	0.960972   	0.124751   	0.11553    	0.00534957 	0.00534102 	1.55409	
6e-12      	7.2        	-0.000301216	0.000312435	0.999996   	0.959946   	0          	0          	0          	0          	0          	0          	0          	0          	0.115536   	0.135336   	0.00524988 	0.00525317 	0          	0          	0          	0          	0          	0          	0          	0          	1.4462	-nan	-nan	-0.000301216	0.000312435	0.999996   	0.959946   	0.115536   	0.135336   	0.00524988 	0.00525317 	1.4462	
7e-12      	7          	1.42156e-05	-0.000319324	0.999995   	0.958823   	0          	0          	0          	0          	0          	0          	0          	0          	0.128225   	0.146674   	0.00532853 	0.00531672 	0          	0          	0          	0          	0          	0          	0          	0          	1.38926	-nan	-nan	1.42156e-05	-0.000319324	0.999995   	0.958823   	0.128225   	0.146674   	0.00532853 	0.00531672 	1.38926	
8e-12      	6.8        	0.000283188	-0.000113749	0.999995   	0.957643   	0          	0          	0          	0          	0          	0          	0          	0          	0.143831   	0.122647   	0.00626094 	0.00626889 	0          	0          	0          	0          	0          	0          	0          	0          	1.54318	-nan	-nan	0.000283188	-0.000113749	0.999995   	0.957643   	0.143831   	0.122647   	0.00626094 	0.00626889 	1.54318	
9e-12      	6.6        	6.44558e-05	-0.000155214	0.999995   	0.956282   	0          	0          	0          	0          	0          	0          	0          	0          	0.126241   	0.149902   	0.00637655 	0.00636861 	0          	0          	0          	0          	0          	0          	0          	0          	1.48342	-nan	-nan	6.44558e-05	-0.000155214	0.999995   	0.956282   	0.126241   	0.149902   	0.00637655 	0.00636861 	1.48342	
1e-11      	6.4        	8.72235e-06	0.000139865	0.999995   	0.955017   	0          	0          	0          	0          	0          	0          	0          	0          	0.166754   	0.152662   	0.00718559 	0.00718149 	0          	0          	0          	0          	0          	0          	0          	0          	1.57425	-nan	-nan	8.72235e-06	0.000139865	0.999995   	0.955017   	0.166754   	0.152662   	0.00718559 	0.00718149 	1.57425	
1.1e-11    	6.2        	0.000265298	-9.34382e-05	0.999995   	0.95359    	0          	0          	0          	0          	0          	0          	0          	0          	0.128826   	0.149987   	0.00690392 	0.00690835 	0          	0          	0          	0          	0          	0          	0          	0          	1.42262	-nan	-nan	0.000265298	-9.34382e-05	0.999995   	0.95359    	0.128826   	0.149987   	0.00690392 	0.00690835 	1.42262	
1.2e-11    	6          	-4.73055e-05	0.000429548	0.999995   	0.952153   	0          	0          	0          	0          	0          	0          	0          	0          	0.136612   	0.153312   	0.00893783 	0.00893574 	0          	0          	0          	0          	0          	0          	0          	0          	1.72841	-nan	-nan	-4.73055e-05	0.000429548	0.999995   	0.952153   	0.136612   	0.153312   	0.00893783 	0.00893574 	1.72841	
1.3e-11    	5.8        	0.00017899 	0.000150553	0.999995   	0.950526   	0          	0          	0          	0          	0          	0          	0          	0          	0.133782   	0.155094   	0.00866895 	0.00866881 	0          	0          	0          	0          	0          	0          	0          	0          	1.57035	-nan	-nan	0.00017899 	0.000150553	0.999995   	0.950526   	0.133782   	0.155094   	0.00866895 	0.00866881 	1.57035	
1.4e-11    	5.6        	0.000117673	0.000432078	0.999993   	0.948814   	0          	0          	0          	0          	0          	0          	0          	0          	0.181289   	0.192001   	0.0099807  	0.00997927 	0          	0          	0          	0          	0          	0          	0          	0          	1.68885	-nan	-nan	0.000117673	0.000432078	0.999993   	0.948814   	0.181289   	0.192001   	0.0099807  	0.00997927 	1.68885	
1.5e-11    	5.4        	-2.65939e-07	-0.000318896	0.999994   	0.947091   	0          	0          	0          	0          	0          	0          	0          	0          	0.174746   	0.148121   	0.010887   	0.010913   	0          	0          	0          	0          	0          	0          	0          	0          	1.71646	-nan	-nan	-2.65939e-07	-0.000318896	0.999994   	0.947091   	0.174746   	0.148121   	0.010887   	0.010913   	1.71646	
1.6e-11    	5.2        	-0.000332283	3.23205e-05	0.999994   	0.945082   	0          	0          	0          	0          	0          	0          	0          	0          	0.157155   	0.164905   	0.0100384  	0.010039   	0          	0          	0          	0          	0          	0          	0          	0          	1.47159	-nan	-nan	-0.000332283	3.23205e-05	0.999994   	0.945082   	0.157155   	0.164905   	0.0100384  	0.010039   	1.47159	
1.7e-11    	5          	7.38967e-05	5.08653e-05	0.999993   	0.942855   	0          	0          	0          	0          	0          	0          	0          	0          	0.163015   	0.209785   	0.0116942  	0.0117018  	0          	0          	0          	0          	0          	0          	0          	0          	1.58972	-nan	-nan	7.38967e-05	5.08653e-05	0.999993   	0.942855   	0.163015   	0.209785   	0.0116942  	0.0117018  	1.58972	
1.8e-11    	4.8        	-0.000268889	-0.000118793	0.999994   	0.940641   	0          	0          	0          	0          	0          	0          	0          	0          	0.175427   	0.174126   	0.0110522  	0.011044   	0          	0          	0          	0          	0          	0          	0          	0          	1.38848	-nan	-nan	-0.000268889	-0.000118793	0.999994   	0.940641   	0.175427   	0.174126   	0.0110522  	0.011044   	1.38848	
1.9e-11    	4.6        	0.000336108	-0.000325538	0.999993   	0.938128   	0          	0          	0          	0          	0          	0          	0          	0          	0.185893   	0.181822   	0.0123401  	0.0123355  	0          	0          	0          	0          	0          	0          	0          	0          	1.42835	-nan	-nan	0.000336108	-0.000325538	0.999993   	0.938128   	0.185893   	0.181822   	0.0123401  	0.0123355  	1.42835	
2e-11      	4.4        	0.000439675	0.000133546	0.999992   	0.935369   	0          	0          	0          	0          	0          	0          	0          	0          	0.237809   	0.201563   	0.014147   	0.0141385  	0          	0          	0          	0          	0          	0          	0          	0          	1.50304	-nan	-nan	0.000439675	0.000133546	0.999992   	0.935369   	0.237809   	0.201563   	0.014147   	0.0141385  	1.50304	
2.1e-11    	4.2        	0.000280511	0.000330007	0.999992   	0.932496   	0          	0          	0          	0          	0          	0          	0          	0          	0.224316   	0.211674   	0.0185615  	0.0185533  	0          	0          	0          	0          	0          	0          	0          	0          	1.80387	-nan	-nan	0.000280511	0.000330007	0.999992   	0.932496   	0.224316   	0.211674   	0.0185615  	0.0185533  	1.80387	
2.2e-11    	4          	-3.67975e-05	-0.000694751	0.999992   	0.929207   	0          	0          	0          	0          	0          	0          	0          	0          	0.198935   	0.213834   	0.0168243  	0.016835   	0          	0          	0          	0          	0          	0          	0          	0          	1.48907	-nan	-nan	-3.67975e-05	-0.000694751	0.999992   	0.929207   	0.198935   	0.213834   	0.0168243  	0.016835   	1.48907	
2.3e-11    	3.8        	-0.000117002	-0.000639187	0.999992   	0.925692   	0          	0          	0          	0          	0          	0          	0          	0          	0.210384   	0.244537   	0.022189   	0.0221815  	0          	0          	0          	0          	0          	0          	0          	0          	1.78014	-nan	-nan	-0.000117002	-0.000639187	0.999992   	0.925692   	0.210384   	0.244537   	0.022189   	0.0221815  	1.78014	
2.4e-11    	3.6        	-0.000433337	-0.000342989	0.999991   	0.921761   	0          	0          	0          	0          	0          	0          	0          	0          	0.25077    	0.226355   	0.0211985  	0.0212188  	0          	0          	0          	0          	0          	0          	0          	0          	1.53516	-nan	-nan	-0.000433337	-0.000342989	0.999991   	0.921761   	0.25077    	0.226355   	0.0211985  	0.0212188  	1.53516	
2.5e-11    	3.4        	0.000304026	-5.51355e-05	0.999992   	0.917265   	0          	0          	0          	0          	0          	0          	0          	0          	0.242419   	0.204214   	0.0244228  	0.0243808  	0          	0          	0          	0          	0          	0          	0          	0          	1.58402	-nan	-nan	0.000304026	-5.51355e-05	0.999992   	0.917265   	0.242419   	0.204214   	0.0244228  	0.0243808  	1.58402	
2.6e-11    	3.2        	-0.00031652	-5.85914e-05	0.999989   	0.91251    	0          	0          	0          	0          	0          	0          	0          	0          	0.299511   	0.274461   	0.0314029  	0.0314098  	0          	0          	0          	0          	0          	0          	0          	0          	1.81446	-nan	-nan	-0.00031652	-5.85914e-05	0.999989   	0.91251    	0.299511   	0.274461   	0.0314029  	0.0314098  	1.81446	
2.7e-11    	3          	0.000173069	-0.000267799	0.99999    	0.906864   	0          	0          	0          	0          	0          	0          	0          	0          	0.271113   	0.266031   	0.0320258  	0.0320547  	0          	0          	0          	0          	0          	0          	0          	0          	1.63533	-nan	-nan	0.000173069	-0.000267799	0.99999    	0.906864   	0.271113   	0.266031   	0.0320258  	0.0320547  	1.63533	
2.8e-11    	2.8        	0.000416418	-0.000108945	0.999989   	0.900597   	0          	0          	0          	0          	0          	0          	0          	0          	0.265717   	0.280797   	0.0407492  	0.040698   	0          	0          	0          	0          	0          	0          	0          	0          	1.82262	-nan	-nan	0.000416418	-0.000108945	0.999989   	0.900597   	0.265717   	0.280797   	0.0407492  	0.040698   	1.82262	
2.9e-11    	2.6        	-0.000137627	-0.000598137	0.999988   	0.89331    	0          	0          	0          	0          	0          	0          	0          	0          	0.25519    	0.35953    	0.0414509  	0.0414826  	0          	0          	0          	0          	0          	0          	0          	0          	1.61209	-nan	-nan	-0.000137627	-0.000598137	0.999988   	0.89331    	0.25519    	0.35953    	0.0414509  	0.0414826  	1.61209	
3e-11      	2.4        	1.42879e-05	1.20113e-05	0.999987   	0.884852   	0          	0          	0          	0          	0          	0          	0          	0          	0.375308   	0.303035   	0.0511728  	0.0511687  	0          	0          	0          	0          	0          	0          	0          	0          	1.71059	-nan	-nan	1.42879e-05	1.20113e-05	0.999987   	0.884852   	0.375308   	0.303035   	0.0511728  	0.0511687  	1.71059	
3.1e-11    	2.2        	-0.000480789	0.0002897  	0.999982   	0.875081   	0          	0          	0          	0          	0          	0          	0          	0          	0.390382   	0.470338   	0.0533016  	0.0532011  	0          	0          	0          	0          	0          	0          	0          	0          	1.51279	-nan	-nan	-0.000480789	0.0002897  	0.999982   	0.875081   	0.390382   	0.470338   	0.0533016  	0.0532011  	1.51279	
3.2e-11    	2          	0.000172985	-0.000435835	0.999981   	0.863118   	0          	0          	0          	0          	0          	0          	0          	0          	0.487629   	0.405445   	0.0729244  	0.0729856  	0          	0          	0          	0          	0          	0          	0          	0          	1.72808	-nan	-nan	0.000172985	-0.000435835	0.999981   	0.863118   	0.487629   	0.405445   	0.0729244  	0.0729856  	1.72808	
3.3e-11    	1.8        	-4.29477e-05	0.000374654	0.999982   	0.849168   	0          	0          	0          	0          	0          	0          	0          	0          	0.426527   	0.395691   	0.103723   	0.10352    	0          	0          	0          	0          	0          	0          	0          	0          	2.00708	-nan	-nan	-4.29477e-05	0.000374654	0.999982   	0.849168   	0.426527   	0.395691   	0.103723   	0.10352    	2.00708	
3.4e-11    	1.6        	0.000245359	-0.000481735	0.999981   	0.830891   	0          	0          	0          	0          	0          	0          	0          	0          	0.455626   	0.398485   	0.118368   	0.118324   	0          	0          	0          	0          	0          	0          	0          	0          	1.81764	-nan	-nan	0.000245359	-0.000481735	0.999981   	0.830891   	0.455626   	0.398485   	0.118368   	0.118324   	1.81764	
3.5e-11    	1.4        	4.09674e-05	-0.000138275	0.999976   	0.807515   	0          	0          	0          	0          	0          	0          	0          	0          	0.516708   	0.492353   	0.151182   	0.151289   	0          	0          	0          	0          	0          	0          	0          	0          	1.81822	-nan	-nan	4.09674e-05	-0.000138275	0.999976   	0.807515   	0.516708   	0.492353   	0.151182   	0.151289   	1.81822	
3.6e-11    	1.2        	-0.000191285	-0.000225979	0.999971   	0.777111   	0          	0          	0          	0          	0          	0          	0          	0          	0.572708   	0.541203   	0.198368   	0.198488   	0          	0          	0          	0          	0          	0          	0          	0          	1.74824	-nan	-nan	-0.000191285	-0.000225979	0.999971   	0.777111   	0.572708   	0.541203   	0.198368   	0.198488   	1.74824	
3.7e-11    	1          	-0.000655676	-2.50249e-05	0.999963   	0.733491   	0          	0          	0          	0          	0          	0          	0          	0          	0.622102   	0.651307   	0.340975   	0.340941   	0          	0          	0          	0          	0          	0          	0          	0          	2.11568	-nan	-nan	-0.000655676	-2.50249e-05	0.999963   	0.733491   	0.622102   	0.651307   	0.340975   	0.340941   	2.11568	
3.8e-11    	0.8        	0.000147064	0.000625285	0.999952   	0.671882   	0          	0          	0          	0          	0          	0          	0          	0          	0.756423   	0.623898   	0.574623   	0.574615   	0          	0          	0          	0          	0          	0          	0          	0          	2.27991	-nan	-nan	0.000147064	0.000625285	0.999952   	0.671882   	0.756423   	0.623898   	0.574623   	0.574615   	2.27991	
3.9e-11    	0.6        	0.000329181	0.00109958 	0.999918   	0.578023   	0          	0          	0          	0          	0          	0          	0          	0          	0.89986    	0.861064   	1.04865    	1.04878    	0          	0          	0          	0          	0          	0          	0          	0          	2.37327	-nan	-nan	0.000329181	0.00109958 	0.999918   	0.578023   	0.89986    	0.861064   	1.04865    	1.04878    	2.37327	
4e-11      	0.4        	0.0016026  	0.000217275	0.999834   	0.437928   	0          	0          	0          	0          	0          	0          	0          	0          	1.09441    	0.94325    	1.28091    	1.28018    	0          	0          	0          	0          	0          	0          	0          	0          	1.30731	-nan	-nan	0.0016026  	0.000217275	0.999834   	0.437928   	1.09441    	0.94325    	1.28091    	1.28018    	1.30731	
4.1e-11    	0.2        	-0.000487103	-0.00052283	0.999467   	0.240882   	0          	0          	0          	0          	0          	0          	0          	0          	0.97931    	1.0045     	1.60395    	1.59983    	0          	0          	0          	0          	0          	0          	0          	0          	0.453088	-nan	-nan	-0.000487103	-0.00052283	0.999467   	0.240882   	0.97931    	1.0045     	1.60395    	1.59983    	0.453088	
4.2e-11    	-0         	-0.0885401 	-0.0188191 	-0.0142997 	0.00948499 	0          	0          	0          	0          	0          	0          	0          	0          	1.03965    	1.05461    	1.5613     	0.783379   	0          	0          	0          	0          	0          	0          	0          	0          	0.0238318	-nan	-nan	-0.0885401 	-0.0188191 	-0.0142997 	0.00948499 	1.03965    	1.05461    	1.5613     	0.783379   	0.0238318	
